Number of nodes 621 
     0 :  0.0000000e+00  1.0000000e+00 
     1 :  0.0000000e+00  0.0000000e+00 
     2 :  1.0000000e+00  1.0000000e+00 
     3 :  1.0000000e+00  7.5000000e-01 
     4 :  5.0000000e-01  7.5000000e-01 
     5 :  5.0000000e-01  2.5000000e-01 
     6 :  1.0000000e+00  2.5000000e-01 
     7 :  1.0000000e+00  0.0000000e+00 
     8 :  0.0000000e+00  9.6428571e-01 
     9 :  0.0000000e+00  3.5714286e-02 
    10 :  0.0000000e+00  1.0714286e-01 
    11 :  0.0000000e+00  1.7857143e-01 
    12 :  0.0000000e+00  2.5000000e-01 
    13 :  0.0000000e+00  3.2142857e-01 
    14 :  0.0000000e+00  3.9285714e-01 
    15 :  0.0000000e+00  4.6428571e-01 
    16 :  0.0000000e+00  5.3571429e-01 
    17 :  0.0000000e+00  6.0714286e-01 
    18 :  0.0000000e+00  6.7857143e-01 
    19 :  0.0000000e+00  7.5000000e-01 
    20 :  0.0000000e+00  8.2142857e-01 
    21 :  0.0000000e+00  8.9285714e-01 
    22 :  0.0000000e+00  9.2857143e-01 
    23 :  0.0000000e+00  8.5714286e-01 
    24 :  0.0000000e+00  7.8571429e-01 
    25 :  0.0000000e+00  7.1428571e-01 
    26 :  0.0000000e+00  6.4285714e-01 
    27 :  0.0000000e+00  5.7142857e-01 
    28 :  0.0000000e+00  5.0000000e-01 
    29 :  0.0000000e+00  4.2857143e-01 
    30 :  0.0000000e+00  3.5714286e-01 
    31 :  0.0000000e+00  2.8571429e-01 
    32 :  0.0000000e+00  2.1428571e-01 
    33 :  0.0000000e+00  1.4285714e-01 
    34 :  0.0000000e+00  7.1428571e-02 
    35 :  9.6428571e-01  1.0000000e+00 
    36 :  3.5714286e-02  1.0000000e+00 
    37 :  1.0714286e-01  1.0000000e+00 
    38 :  1.7857143e-01  1.0000000e+00 
    39 :  2.5000000e-01  1.0000000e+00 
    40 :  3.2142857e-01  1.0000000e+00 
    41 :  3.9285714e-01  1.0000000e+00 
    42 :  4.6428571e-01  1.0000000e+00 
    43 :  5.3571429e-01  1.0000000e+00 
    44 :  6.0714286e-01  1.0000000e+00 
    45 :  6.7857143e-01  1.0000000e+00 
    46 :  7.5000000e-01  1.0000000e+00 
    47 :  8.2142857e-01  1.0000000e+00 
    48 :  8.9285714e-01  1.0000000e+00 
    49 :  9.2857143e-01  1.0000000e+00 
    50 :  8.5714286e-01  1.0000000e+00 
    51 :  7.8571429e-01  1.0000000e+00 
    52 :  7.1428571e-01  1.0000000e+00 
    53 :  6.4285714e-01  1.0000000e+00 
    54 :  5.7142857e-01  1.0000000e+00 
    55 :  5.0000000e-01  1.0000000e+00 
    56 :  4.2857143e-01  1.0000000e+00 
    57 :  3.5714286e-01  1.0000000e+00 
    58 :  2.8571429e-01  1.0000000e+00 
    59 :  2.1428571e-01  1.0000000e+00 
    60 :  1.4285714e-01  1.0000000e+00 
    61 :  7.1428571e-02  1.0000000e+00 
    62 :  1.0000000e+00  7.8125000e-01 
    63 :  1.0000000e+00  8.4375000e-01 
    64 :  1.0000000e+00  9.0625000e-01 
    65 :  1.0000000e+00  9.6875000e-01 
    66 :  1.0000000e+00  8.1250000e-01 
    67 :  1.0000000e+00  8.7500000e-01 
    68 :  1.0000000e+00  9.3750000e-01 
    69 :  9.6428571e-01  7.5000000e-01 
    70 :  8.9285714e-01  7.5000000e-01 
    71 :  8.2142857e-01  7.5000000e-01 
    72 :  7.5000000e-01  7.5000000e-01 
    73 :  6.7857143e-01  7.5000000e-01 
    74 :  6.0714286e-01  7.5000000e-01 
    75 :  5.3571429e-01  7.5000000e-01 
    76 :  9.2857143e-01  7.5000000e-01 
    77 :  8.5714286e-01  7.5000000e-01 
    78 :  7.8571429e-01  7.5000000e-01 
    79 :  7.1428571e-01  7.5000000e-01 
    80 :  6.4285714e-01  7.5000000e-01 
    81 :  5.7142857e-01  7.5000000e-01 
    82 :  4.6442129e-01  7.4745536e-01 
    83 :  4.6442129e-01  2.5254464e-01 
    84 :  3.9614625e-01  2.7259200e-01 
    85 :  3.3628482e-01  3.1106261e-01 
    86 :  2.8968662e-01  3.6483980e-01 
    87 :  2.6012676e-01  4.2956686e-01 
    88 :  2.5000000e-01  5.0000000e-01 
    89 :  2.6012676e-01  5.7043314e-01 
    90 :  2.8968662e-01  6.3516020e-01 
    91 :  3.3628482e-01  6.8893739e-01 
    92 :  3.9614625e-01  7.2740800e-01 
    93 :  4.2956686e-01  7.3987324e-01 
    94 :  3.6483980e-01  7.1031338e-01 
    95 :  3.1106261e-01  6.6371518e-01 
    96 :  2.7259200e-01  6.0385375e-01 
    97 :  2.5254464e-01  5.3557871e-01 
    98 :  2.5254464e-01  4.6442129e-01 
    99 :  2.7259200e-01  3.9614625e-01 
   100 :  3.1106261e-01  3.3628482e-01 
   101 :  3.6483980e-01  2.8968662e-01 
   102 :  4.2956686e-01  2.6012676e-01 
   103 :  5.3571429e-01  2.5000000e-01 
   104 :  6.0714286e-01  2.5000000e-01 
   105 :  6.7857143e-01  2.5000000e-01 
   106 :  7.5000000e-01  2.5000000e-01 
   107 :  8.2142857e-01  2.5000000e-01 
   108 :  8.9285714e-01  2.5000000e-01 
   109 :  9.6428571e-01  2.5000000e-01 
   110 :  5.7142857e-01  2.5000000e-01 
   111 :  6.4285714e-01  2.5000000e-01 
   112 :  7.1428571e-01  2.5000000e-01 
   113 :  7.8571429e-01  2.5000000e-01 
   114 :  8.5714286e-01  2.5000000e-01 
   115 :  9.2857143e-01  2.5000000e-01 
   116 :  1.0000000e+00  3.1250000e-02 
   117 :  1.0000000e+00  9.3750000e-02 
   118 :  1.0000000e+00  1.5625000e-01 
   119 :  1.0000000e+00  2.1875000e-01 
   120 :  1.0000000e+00  6.2500000e-02 
   121 :  1.0000000e+00  1.2500000e-01 
   122 :  1.0000000e+00  1.8750000e-01 
   123 :  3.5714286e-02  0.0000000e+00 
   124 :  9.6428571e-01  0.0000000e+00 
   125 :  8.9285714e-01  0.0000000e+00 
   126 :  8.2142857e-01  0.0000000e+00 
   127 :  7.5000000e-01  0.0000000e+00 
   128 :  6.7857143e-01  0.0000000e+00 
   129 :  6.0714286e-01  0.0000000e+00 
   130 :  5.3571429e-01  0.0000000e+00 
   131 :  4.6428571e-01  0.0000000e+00 
   132 :  3.9285714e-01  0.0000000e+00 
   133 :  3.2142857e-01  0.0000000e+00 
   134 :  2.5000000e-01  0.0000000e+00 
   135 :  1.7857143e-01  0.0000000e+00 
   136 :  1.0714286e-01  0.0000000e+00 
   137 :  7.1428571e-02  0.0000000e+00 
   138 :  1.4285714e-01  0.0000000e+00 
   139 :  2.1428571e-01  0.0000000e+00 
   140 :  2.8571429e-01  0.0000000e+00 
   141 :  3.5714286e-01  0.0000000e+00 
   142 :  4.2857143e-01  0.0000000e+00 
   143 :  5.0000000e-01  0.0000000e+00 
   144 :  5.7142857e-01  0.0000000e+00 
   145 :  6.4285714e-01  0.0000000e+00 
   146 :  7.1428571e-01  0.0000000e+00 
   147 :  7.8571429e-01  0.0000000e+00 
   148 :  8.5714286e-01  0.0000000e+00 
   149 :  9.2857143e-01  0.0000000e+00 
   150 :  3.1988681e-01  2.2667095e-01 
   151 :  8.9285556e-01  1.5628013e-01 
   152 :  1.1494160e-01  7.8575321e-01 
   153 :  2.8946642e-01  9.6832686e-01 
   154 :  1.9277062e-01  8.2689001e-01 
   155 :  8.0822384e-02  3.6928970e-01 
   156 :  9.2482140e-02  4.0001569e-01 
   157 :  2.7903776e-02  3.8682277e-01 
   158 :  6.8115157e-02  5.6204736e-01 
   159 :  5.0282312e-01  9.4115851e-01 
   160 :  8.9288997e-01  9.0631540e-01 
   161 :  5.0469563e-01  8.8268229e-01 
   162 :  6.7877182e-01  9.6912733e-01 
   163 :  4.6415238e-01  3.3165223e-02 
   164 :  6.4282513e-01  1.5698751e-01 
   165 :  6.4284133e-01  3.1531536e-02 
   166 :  1.0015934e-01  1.8740247e-01 
   167 :  6.3785534e-02  4.4959290e-01 
   168 :  1.7113029e-01  3.7837813e-01 
   169 :  1.3913113e-01  1.1307812e-01 
   170 :  8.5714088e-01  1.8753751e-01 
   171 :  7.1427209e-01  1.5654946e-01 
   172 :  6.4282068e-01  1.2577756e-01 
   173 :  3.9997182e-01  7.7975168e-01 
   174 :  3.5058031e-01  7.3203550e-01 
   175 :  4.0959846e-01  8.5740669e-01 
   176 :  7.6165811e-02  7.8536193e-01 
   177 :  2.0776944e-01  3.8239891e-01 
   178 :  2.1242114e-01  6.1950878e-01 
   179 :  1.9530428e-01  4.6630202e-01 
   180 :  6.4282188e-01  9.4451368e-02 
   181 :  8.9285545e-01  1.2503260e-01 
   182 :  8.9289265e-01  8.7507129e-01 
   183 :  7.1460289e-01  8.4441889e-01 
   184 :  9.2859016e-01  8.4378793e-01 
   185 :  7.1452606e-01  9.3797024e-01 
   186 :  9.6429491e-01  8.7501836e-01 
   187 :  5.7331070e-01  8.4794449e-01 
   188 :  6.0834431e-01  8.4639830e-01 
   189 :  9.6429409e-01  8.4376717e-01 
   190 :  7.8585520e-01  8.7528856e-01 
   191 :  1.4300637e-01  6.2934702e-01 
   192 :  7.1691202e-02  6.3647265e-01 
   193 :  7.5066520e-02  7.1118626e-01 
   194 :  6.0764279e-01  7.8261389e-01 
   195 :  7.1427897e-01  3.1369551e-02 
   196 :  5.7137470e-01  1.8899597e-01 
   197 :  7.4999024e-01  9.3938441e-02 
   198 :  5.3565601e-01  3.2194189e-02 
   199 :  7.1427575e-01  1.8773154e-01 
   200 :  4.3372568e-01  9.4177283e-01 
   201 :  4.3864101e-01  8.8527145e-01 
   202 :  3.0648467e-02  2.5354344e-01 
   203 :  5.0392146e-01  8.2395790e-01 
   204 :  2.0220456e-01  2.3792666e-01 
   205 :  2.8099854e-01  2.3673574e-01 
   206 :  4.6400128e-01  1.6362456e-01 
   207 :  7.4999337e-01  1.8764727e-01 
   208 :  4.4254619e-01  7.9388266e-01 
   209 :  8.2142456e-01  1.5632761e-01 
   210 :  6.7854777e-01  1.2549950e-01 
   211 :  2.2069307e-01  9.3320312e-01 
   212 :  3.7952443e-02  7.8543896e-01 
   213 :  7.1462790e-01  8.7570100e-01 
   214 :  9.6429214e-01  8.1251326e-01 
   215 :  9.2858578e-01  8.1252914e-01 
   216 :  8.5714020e-01  9.3798846e-02 
   217 :  3.5634938e-01  7.1056910e-02 
   218 :  3.3339388e-01  9.0840476e-01 
   219 :  7.5867730e-02  8.2186064e-01 
   220 :  1.6556596e-01  2.3445053e-01 
   221 :  1.3721099e-01  1.5148833e-01 
   222 :  6.7854856e-01  9.4204020e-02 
   223 :  1.3453139e-01  1.9046475e-01 
   224 :  3.9600395e-01  9.7050599e-01 
   225 :  4.9978484e-01  1.2942515e-01 
   226 :  3.4392969e-01  8.4958297e-01 
   227 :  4.4265509e-01  8.3335167e-01 
   228 :  1.4827345e-01  6.6859520e-01 
   229 :  8.6641651e-02  2.9876222e-01 
   230 :  7.4373017e-02  8.9373232e-01 
   231 :  3.7825880e-02  7.4915162e-01 
   232 :  3.7152518e-02  8.9323021e-01 
   233 :  3.4992213e-02  7.2450017e-02 
   234 :  1.5299147e-01  7.0864674e-01 
   235 :  4.6395116e-01  1.3164834e-01 
   236 :  1.4178124e-01  3.7489488e-02 
   237 :  4.9983883e-01  6.5131927e-02 
   238 :  2.4336338e-01  7.5684208e-01 
   239 :  4.0588794e-01  8.8440826e-01 
   240 :  6.1391934e-02  2.5766560e-01 
   241 :  6.9485076e-02  3.5055909e-01 
   242 :  7.8581385e-01  9.3769936e-01 
   243 :  6.4317745e-01  7.8204018e-01 
   244 :  8.2151197e-01  9.0641854e-01 
   245 :  2.4073832e-01  2.3940150e-01 
   246 :  4.9981634e-01  1.6090298e-01 
   247 :  3.5673105e-01  3.5483198e-02 
   248 :  7.8570829e-01  1.5637199e-01 
   249 :  2.1321063e-01  3.7690122e-02 
   250 :  3.2097608e-02  2.1761904e-01 
   251 :  2.2812858e-01  8.6579398e-01 
   252 :  1.5489205e-01  7.4853202e-01 
   253 :  1.5463637e-01  7.8702950e-01 
   254 :  6.7877661e-01  7.8172487e-01 
   255 :  6.4368073e-01  8.7667797e-01 
   256 :  7.5015559e-01  8.1283166e-01 
   257 :  6.0801118e-01  9.3904207e-01 
   258 :  6.7856114e-01  3.1434053e-02 
   259 :  7.4999221e-01  6.2643405e-02 
   260 :  1.7267238e-01  1.5302123e-01 
   261 :  1.1427878e-01  8.2262551e-01 
   262 :  2.6130945e-01  9.0247834e-01 
   263 :  4.4086203e-01  8.5844574e-01 
   264 :  1.3831619e-01  5.9078011e-01 
   265 :  2.0324394e-01  5.8129240e-01 
   266 :  2.5916916e-02  3.5452145e-01 
   267 :  1.7820756e-01  6.2505434e-01 
   268 :  1.2491612e-01  2.6970225e-01 
   269 :  7.8480406e-02  3.2986817e-01 
   270 :  3.2504044e-01  7.8424700e-01 
   271 :  1.1476146e-01  7.4810012e-01 
   272 :  7.4999650e-01  2.1883004e-01 
   273 :  7.1427077e-01  9.4042915e-02 
   274 :  2.8254500e-01  1.5086421e-01 
   275 :  1.0622777e-01  3.7143205e-02 
   276 :  2.2422873e-01  8.9966552e-01 
   277 :  1.8676509e-01  8.9736657e-01 
   278 :  1.1020536e-01  9.2982796e-01 
   279 :  5.3563414e-01  1.8996689e-01 
   280 :  1.9943568e-01  4.2548931e-01 
   281 :  2.2505130e-01  4.6491307e-01 
   282 :  9.6428547e-01  1.8750600e-01 
   283 :  2.8172099e-01  1.9166507e-01 
   284 :  3.9231400e-01  6.9286911e-02 
   285 :  4.2837413e-01  3.3849918e-02 
   286 :  6.6461587e-02  1.8431824e-01 
   287 :  3.5603973e-01  1.0680319e-01 
   288 :  3.1856890e-02  4.5725102e-01 
   289 :  1.7744299e-01  3.7689262e-02 
   290 :  6.0708630e-01  1.2620896e-01 
   291 :  3.2912267e-01  9.3863710e-01 
   292 :  1.1171850e-01  8.9449771e-01 
   293 :  3.8254660e-01  7.4746762e-01 
   294 :  6.4316409e-01  9.6930693e-01 
   295 :  6.4345042e-01  8.1387565e-01 
   296 :  5.3558142e-01  9.6236333e-02 
   297 :  2.4553170e-01  1.5307384e-01 
   298 :  4.6404108e-01  6.6241402e-02 
   299 :  5.3557672e-01  1.2789420e-01 
   300 :  1.3064790e-01  2.2998054e-01 
   301 :  3.1585879e-01  8.1351697e-01 
   302 :  1.5323559e-01  8.2416003e-01 
   303 :  3.7413542e-02  7.1272106e-01 
   304 :  1.4492863e-01  9.6535640e-01 
   305 :  6.0829620e-01  9.0840882e-01 
   306 :  6.7905864e-01  9.0721138e-01 
   307 :  6.0760900e-01  9.6955132e-01 
   308 :  9.6428919e-01  7.8125721e-01 
   309 :  8.5718349e-01  9.3758106e-01 
   310 :  8.9287063e-01  7.8127762e-01 
   311 :  6.0710730e-01  1.8842422e-01 
   312 :  3.9206134e-01  1.3849274e-01 
   313 :  7.4999560e-01  3.1327268e-02 
   314 :  6.7855623e-01  1.8786500e-01 
   315 :  4.9996211e-01  2.2146894e-01 
   316 :  5.7140152e-01  2.1960280e-01 
   317 :  6.8009630e-02  1.4727321e-01 
   318 :  5.3567703e-01  2.2021882e-01 
   319 :  2.8790256e-02  2.8868546e-01 
   320 :  7.5020340e-01  8.4417502e-01 
   321 :  7.8584450e-01  9.0651309e-01 
   322 :  8.9288232e-01  9.3754965e-01 
   323 :  6.4284514e-01  2.1906869e-01 
   324 :  2.0622425e-01  1.9471177e-01 
   325 :  6.0712465e-01  2.1926545e-01 
   326 :  2.8073455e-01  2.9690796e-01 
   327 :  3.5906890e-01  2.5387160e-01 
   328 :  3.2323486e-01  2.7145765e-01 
   329 :  9.2859051e-01  9.0628730e-01 
   330 :  8.2151885e-01  8.7518399e-01 
   331 :  7.5008400e-01  7.8143206e-01 
   332 :  9.2857083e-01  6.2513332e-02 
   333 :  2.4366345e-01  1.9452801e-01 
   334 :  7.8571145e-01  3.1299748e-02 
   335 :  7.1428050e-01  2.1887618e-01 
   336 :  7.8570791e-01  9.3870899e-02 
   337 :  6.7856355e-01  2.1894972e-01 
   338 :  3.5889627e-02  6.3973016e-01 
   339 :  7.3550687e-02  6.7380311e-01 
   340 :  3.6733392e-02  6.7622408e-01 
   341 :  4.1294804e-01  7.5932205e-01 
   342 :  3.1788445e-01  7.1175700e-01 
   343 :  1.8974199e-01  8.6252909e-01 
   344 :  7.1441718e-01  7.8154192e-01 
   345 :  7.1460066e-01  9.0687869e-01 
   346 :  7.1452888e-01  8.1302755e-01 
   347 :  5.3560937e-01  6.4303340e-02 
   348 :  4.9988286e-01  1.9167040e-01 
   349 :  4.6396864e-01  9.9118103e-02 
   350 :  6.7855315e-01  6.2842970e-02 
   351 :  8.5719570e-01  8.4385785e-01 
   352 :  8.5718302e-01  8.1258311e-01 
   353 :  5.7220555e-01  7.8374204e-01 
   354 :  3.6998345e-01  7.6985917e-01 
   355 :  9.7049845e-02  2.2540685e-01 
   356 :  7.0767335e-02  3.6703260e-02 
   357 :  3.9386748e-01  2.4056074e-01 
   358 :  7.8576807e-01  7.8136440e-01 
   359 :  6.0841762e-01  8.7756571e-01 
   360 :  5.7273910e-01  9.3967153e-01 
   361 :  9.2858621e-01  9.3752838e-01 
   362 :  5.4910811e-02  3.7989571e-01 
   363 :  4.9941671e-02  3.5228673e-01 
   364 :  1.0243794e-01  3.4590237e-01 
   365 :  6.0807294e-01  8.1477686e-01 
   366 :  8.2149211e-01  8.1263248e-01 
   367 :  8.9288209e-01  8.1255085e-01 
   368 :  7.8581392e-01  8.1270946e-01 
   369 :  7.5015523e-01  9.3780756e-01 
   370 :  7.5022001e-01  8.7545032e-01 
   371 :  8.5716448e-01  7.8129514e-01 
   372 :  5.7339982e-01  8.7885504e-01 
   373 :  8.2149236e-01  9.3762811e-01 
   374 :  6.4362710e-01  8.4541951e-01 
   375 :  8.9288986e-01  8.4381620e-01 
   376 :  4.2839819e-01  1.9981888e-01 
   377 :  5.3559626e-01  1.5917136e-01 
   378 :  2.1203381e-01  7.5649480e-02 
   379 :  8.9285599e-01  6.2523102e-02 
   380 :  6.0711842e-01  3.1677002e-02 
   381 :  3.4536576e-02  1.0872478e-01 
   382 :  6.4282899e-01  6.3026672e-02 
   383 :  7.8570760e-01  1.2513144e-01 
   384 :  9.6428548e-01  6.2506101e-02 
   385 :  9.2857055e-01  1.2501874e-01 
   386 :  7.1427026e-01  1.2532055e-01 
   387 :  6.0709347e-01  1.5741203e-01 
   388 :  7.4999101e-01  1.5644117e-01 
   389 :  3.7550967e-02  8.5746420e-01 
   390 :  2.5724052e-01  9.3494521e-01 
   391 :  1.0866541e-01  9.6495384e-01 
   392 :  9.6428536e-01  9.3757959e-02 
   393 :  8.9285557e-01  9.3780142e-02 
   394 :  1.0237005e-01  1.4947664e-01 
   395 :  5.0147247e-01  9.7055557e-01 
   396 :  4.6821364e-01  9.4169151e-01 
   397 :  4.3117456e-01  9.7078301e-01 
   398 :  4.6630133e-01  9.7077959e-01 
   399 :  5.3766217e-01  9.4041531e-01 
   400 :  5.3674392e-01  9.7021673e-01 
   401 :  7.5020302e-01  9.0665800e-01 
   402 :  8.2151185e-01  8.4392160e-01 
   403 :  1.8119134e-01  9.6590218e-01 
   404 :  3.5084676e-01  8.2148229e-01 
   405 :  7.5222829e-02  8.5795925e-01 
   406 :  1.0398224e-01  1.1179995e-01 
   407 :  8.2142440e-01  9.3827244e-02 
   408 :  5.0172353e-01  7.9237034e-01 
   409 :  5.3805481e-01  8.1916763e-01 
   410 :  5.3690637e-01  7.8621180e-01 
   411 :  4.2805784e-01  1.3468419e-01 
   412 :  4.6412017e-01  1.9474718e-01 
   413 :  9.2857112e-01  3.1257231e-02 
   414 :  6.0708809e-01  9.4828310e-02 
   415 :  7.8570927e-01  6.2592186e-02 
   416 :  3.0859380e-01  8.4371328e-01 
   417 :  2.5352303e-01  9.6742976e-01 
   418 :  2.8695797e-01  7.7136168e-01 
   419 :  3.9268987e-01  2.0705283e-01 
   420 :  9.6428538e-01  1.5625786e-01 
   421 :  2.4906176e-01  3.7454170e-02 
   422 :  3.3449562e-02  5.3032377e-01 
   423 :  3.4184182e-02  5.6681015e-01 
   424 :  6.6684996e-02  5.2475854e-01 
   425 :  5.7518270e-02  2.9259175e-01 
   426 :  1.3007303e-01  3.7541451e-01 
   427 :  2.4176888e-01  3.8821261e-01 
   428 :  7.0037948e-02  7.3454753e-02 
   429 :  3.5370451e-02  3.6215129e-02 
   430 :  6.4283389e-01  1.8807839e-01 
   431 :  3.9219980e-01  1.7292534e-01 
   432 :  8.2142556e-01  1.8755953e-01 
   433 :  8.9285594e-01  1.8752308e-01 
   434 :  3.0269890e-01  8.7444279e-01 
   435 :  6.9807039e-02  5.9924276e-01 
   436 :  3.5008306e-02  6.0326479e-01 
   437 :  4.6428516e-01  2.2458590e-01 
   438 :  2.4409333e-01  6.1201757e-01 
   439 :  1.9473864e-01  5.0541076e-01 
   440 :  2.2613284e-01  5.3941580e-01 
   441 :  2.2348407e-01  5.0243654e-01 
   442 :  2.8418185e-01  7.4212785e-02 
   443 :  7.4998986e-01  1.2520546e-01 
   444 :  2.6044622e-01  6.4812855e-01 
   445 :  1.8416751e-01  3.2999907e-01 
   446 :  9.8129268e-02  4.8048531e-01 
   447 :  1.1642833e-01  3.0878288e-01 
   448 :  9.6461111e-02  4.4083853e-01 
   449 :  4.6009544e-01  7.8205680e-01 
   450 :  4.2496542e-01  7.8735329e-01 
   451 :  4.3963523e-01  7.6960873e-01 
   452 :  2.7815229e-01  8.0440140e-01 
   453 :  2.7140110e-01  8.3728994e-01 
   454 :  2.3252328e-01  8.3126727e-01 
   455 :  3.5941068e-01  7.9473832e-01 
   456 :  3.9256940e-01  3.4641555e-02 
   457 :  3.5599953e-01  1.7924407e-01 
   458 :  9.2857059e-01  1.5626729e-01 
   459 :  1.1312431e-01  8.5881859e-01 
   460 :  4.1368972e-01  8.3191733e-01 
   461 :  1.9581381e-01  7.0813908e-01 
   462 :  3.9212722e-01  1.0391796e-01 
   463 :  8.5714086e-01  6.2537360e-02 
   464 :  3.1938814e-01  1.4718460e-01 
   465 :  1.0742039e-01  6.3305137e-01 
   466 :  1.0168819e-01  5.5721991e-01 
   467 :  1.0430913e-01  5.9508694e-01 
   468 :  2.3756271e-01  7.9545837e-01 
   469 :  3.6824901e-01  9.1081827e-01 
   470 :  7.2423611e-02  9.6466559e-01 
   471 :  5.7135229e-01  1.5808847e-01 
   472 :  4.2808931e-01  1.0129444e-01 
   473 :  1.4058800e-01  7.5128512e-02 
   474 :  2.6822496e-02  3.2237999e-01 
   475 :  6.5392050e-02  4.8725398e-01 
   476 :  1.4838112e-01  3.2119457e-01 
   477 :  9.2668136e-02  2.6295671e-01 
   478 :  6.9154506e-02  1.1030448e-01 
   479 :  8.5714002e-01  1.2505293e-01 
   480 :  7.1427376e-01  6.2722200e-02 
   481 :  1.1335289e-01  7.0978186e-01 
   482 :  1.1065097e-01  6.7129682e-01 
   483 :  1.6983199e-01  1.9310473e-01 
   484 :  4.2814675e-01  1.6762256e-01 
   485 :  8.5714175e-01  3.1270224e-02 
   486 :  5.2990365e-02  3.2447431e-01 
   487 :  1.3047566e-01  4.3093835e-01 
   488 :  2.5769277e-01  3.4820119e-01 
   489 :  9.2859183e-01  8.7504077e-01 
   490 :  8.2146280e-01  7.8132207e-01 
   491 :  6.7906544e-01  8.4480515e-01 
   492 :  6.7895089e-01  8.1334636e-01 
   493 :  9.6429269e-01  9.3751286e-01 
   494 :  9.2857080e-01  1.8751323e-01 
   495 :  2.9341398e-01  9.3682424e-01 
   496 :  3.3823385e-01  8.7865192e-01 
   497 :  3.9061748e-01  8.0279088e-01 
   498 :  4.9991121e-01  3.2613493e-02 
   499 :  8.2142676e-01  3.1281886e-02 
   500 :  5.0481045e-01  8.5352051e-01 
   501 :  5.3876042e-01  8.8060593e-01 
   502 :  5.3869006e-01  8.5029888e-01 
   503 :  5.7139075e-01  3.1890032e-02 
   504 :  4.9979380e-01  9.7446271e-02 
   505 :  1.7147476e-01  5.8623741e-01 
   506 :  3.2519596e-01  9.6920277e-01 
   507 :  4.3622699e-01  9.1317876e-01 
   508 :  2.6593398e-01  8.6995557e-01 
   509 :  5.7136085e-01  6.3711718e-02 
   510 :  3.6069952e-01  9.6995878e-01 
   511 :  1.5131585e-01  8.6026238e-01 
   512 :  3.7838579e-02  8.2154273e-01 
   513 :  5.7289464e-01  8.1635579e-01 
   514 :  5.0394986e-01  9.1186320e-01 
   515 :  5.3837314e-01  9.1057331e-01 
   516 :  5.7134050e-01  1.2687518e-01 
   517 :  4.2820483e-01  6.7642333e-02 
   518 :  4.0243916e-01  9.1247479e-01 
   519 :  3.0328895e-02  4.2116775e-01 
   520 :  3.2743934e-02  4.9377830e-01 
   521 :  4.7188603e-01  8.3015225e-01 
   522 :  4.7138286e-01  8.8453479e-01 
   523 :  4.7222538e-01  8.5685499e-01 
   524 :  8.9285653e-01  3.1262515e-02 
   525 :  3.2085714e-01  3.6292163e-02 
   526 :  3.2029980e-01  7.2770358e-02 
   527 :  4.6995310e-01  9.1288600e-01 
   528 :  9.6428559e-01  3.1253319e-02 
   529 :  8.2142536e-01  6.2558956e-02 
   530 :  4.4351570e-01  8.1116352e-01 
   531 :  7.5945781e-02  7.4844199e-01 
   532 :  7.8584451e-01  8.4402035e-01 
   533 :  6.4360851e-01  9.0770318e-01 
   534 :  6.7894233e-01  9.3821134e-01 
   535 :  5.7318800e-01  9.0937055e-01 
   536 :  5.7212782e-01  9.6986201e-01 
   537 :  9.6429450e-01  9.0626681e-01 
   538 :  2.2594824e-01  6.5996187e-01 
   539 :  1.9558016e-01  7.8989267e-01 
   540 :  3.8337410e-01  8.2773816e-01 
   541 :  6.4342674e-01  9.3855928e-01 
   542 :  7.8570982e-01  1.8759372e-01 
   543 :  9.6428536e-01  1.2500855e-01 
   544 :  2.4805940e-01  7.5199231e-02 
   545 :  8.5720026e-01  8.7511599e-01 
   546 :  1.6676230e-01  5.4787316e-01 
   547 :  1.3468888e-01  5.5244980e-01 
   548 :  1.8668108e-01  6.6530801e-01 
   549 :  1.3227466e-01  5.1378049e-01 
   550 :  6.0671858e-02  4.1254591e-01 
   551 :  9.9676792e-02  5.1914673e-01 
   552 :  2.1063112e-01  1.1418307e-01 
   553 :  5.7134326e-01  9.5396054e-02 
   554 :  2.8495794e-01  3.6975335e-02 
   555 :  6.7855060e-01  1.5671950e-01 
   556 :  3.3950968e-02  1.4504305e-01 
   557 :  4.1845489e-01  8.0846540e-01 
   558 :  7.3418689e-02  9.2927092e-01 
   559 :  3.3166975e-02  1.8137425e-01 
   560 :  1.7467645e-01  1.1394809e-01 
   561 :  1.9542771e-01  2.8368075e-01 
   562 :  1.5889828e-01  2.7711084e-01 
   563 :  3.6435219e-01  9.4017625e-01 
   564 :  3.9917028e-01  9.4126200e-01 
   565 :  2.3498973e-01  2.8969163e-01 
   566 :  1.0521527e-01  7.4377670e-02 
   567 :  1.3098619e-01  4.7392406e-01 
   568 :  1.6415530e-01  5.0914906e-01 
   569 :  2.8447111e-01  6.8420418e-01 
   570 :  2.8337667e-01  1.1201723e-01 
   571 :  3.1978724e-01  1.0963670e-01 
   572 :  6.0709922e-01  6.3302874e-02 
   573 :  6.4325831e-02  2.2126405e-01 
   574 :  2.9949891e-01  7.3895773e-01 
   575 :  2.9774532e-01  9.0551235e-01 
   576 :  3.1926867e-01  1.8589947e-01 
   577 :  1.8391464e-01  9.3174779e-01 
   578 :  1.9736311e-01  7.5065100e-01 
   579 :  8.2142416e-01  1.2508380e-01 
   580 :  2.3293598e-01  5.7589210e-01 
   581 :  4.6898505e-01  8.0490548e-01 
   582 :  3.3668410e-01  7.5668030e-01 
   583 :  1.4920339e-01  8.9566615e-01 
   584 :  9.2857060e-01  9.3767378e-02 
   585 :  1.6372099e-01  4.6913891e-01 
   586 :  1.6571520e-01  4.2631914e-01 
   587 :  6.7910257e-01  8.7608750e-01 
   588 :  1.7619434e-01  7.5593161e-02 
   589 :  1.4705222e-01  9.3063138e-01 
   590 :  9.2857919e-01  7.8126584e-01 
   591 :  2.0880953e-01  1.5368898e-01 
   592 :  3.7750357e-01  8.5429516e-01 
   593 :  2.2095449e-01  3.3781299e-01 
   594 :  3.7256082e-01  8.8209977e-01 
   595 :  2.4692087e-01  1.1357365e-01 
   596 :  2.1741040e-01  9.6660068e-01 
   597 :  4.2886836e-01  2.3084699e-01 
   598 :  2.3104030e-01  4.2684460e-01 
   599 :  3.5673135e-01  2.1623141e-01 
   600 :  1.9741315e-01  5.4353015e-01 
   601 :  3.5587531e-01  1.4282229e-01 
   602 :  2.4968933e-01  7.1022519e-01 
   603 :  8.5719587e-01  9.0635660e-01 
   604 :  8.5714024e-01  1.5629895e-01 
   605 :  7.1441576e-01  9.6900111e-01 
   606 :  7.5008398e-01  9.6891496e-01 
   607 :  7.8576818e-01  9.6885721e-01 
   608 :  8.2146306e-01  9.6881903e-01 
   609 :  8.5716483e-01  9.6879364e-01 
   610 :  8.9287084e-01  9.6877669e-01 
   611 :  9.2857956e-01  9.6876533e-01 
   612 :  9.6428960e-01  9.6875701e-01 
   613 :  7.8571194e-01  2.1880089e-01 
   614 :  8.2142700e-01  2.1878227e-01 
   615 :  8.5714182e-01  2.1877029e-01 
   616 :  8.9285653e-01  2.1876248e-01 
   617 :  9.2857113e-01  2.1875715e-01 
   618 :  9.6428561e-01  2.1875323e-01 
   619 :  3.6692625e-02  9.2887969e-01 
   620 :  3.6205296e-02  9.6445559e-01 
Number of edges 150 
     0 :      0      8 
     1 :      8     22 
     2 :     22     21 
     3 :     21     23 
     4 :     23     20 
     5 :     20     24 
     6 :     24     19 
     7 :     19     25 
     8 :     25     18 
     9 :     18     26 
    10 :     26     17 
    11 :     17     27 
    12 :     27     16 
    13 :     16     28 
    14 :     28     15 
    15 :     15     29 
    16 :     29     14 
    17 :     14     30 
    18 :     30     13 
    19 :     13     31 
    20 :     31     12 
    21 :     12     32 
    22 :     32     11 
    23 :     11     33 
    24 :     33     10 
    25 :     10     34 
    26 :     34      9 
    27 :      9      1 
    28 :      2     35 
    29 :     35     49 
    30 :     49     48 
    31 :     48     50 
    32 :     50     47 
    33 :     47     51 
    34 :     51     46 
    35 :     46     52 
    36 :     52     45 
    37 :     45     53 
    38 :     53     44 
    39 :     44     54 
    40 :     54     43 
    41 :     43     55 
    42 :     55     42 
    43 :     42     56 
    44 :     56     41 
    45 :     41     57 
    46 :     57     40 
    47 :     40     58 
    48 :     58     39 
    49 :     39     59 
    50 :     59     38 
    51 :     38     60 
    52 :     60     37 
    53 :     37     61 
    54 :     61     36 
    55 :     36      0 
    56 :      3     62 
    57 :     62     66 
    58 :     66     63 
    59 :     63     67 
    60 :     67     64 
    61 :     64     68 
    62 :     68     65 
    63 :     65      2 
    64 :      3     69 
    65 :     69     76 
    66 :     76     70 
    67 :     70     77 
    68 :     77     71 
    69 :     71     78 
    70 :     78     72 
    71 :     72     79 
    72 :     79     73 
    73 :     73     80 
    74 :     80     74 
    75 :     74     81 
    76 :     81     75 
    77 :     75      4 
    78 :      4     82 
    79 :     82     93 
    80 :     93     92 
    81 :     92     94 
    82 :     94     91 
    83 :     91     95 
    84 :     95     90 
    85 :     90     96 
    86 :     96     89 
    87 :     89     97 
    88 :     97     88 
    89 :     88     98 
    90 :     98     87 
    91 :     87     99 
    92 :     99     86 
    93 :     86    100 
    94 :    100     85 
    95 :     85    101 
    96 :    101     84 
    97 :     84    102 
    98 :    102     83 
    99 :     83      5 
   100 :      5    103 
   101 :    103    110 
   102 :    110    104 
   103 :    104    111 
   104 :    111    105 
   105 :    105    112 
   106 :    112    106 
   107 :    106    113 
   108 :    113    107 
   109 :    107    114 
   110 :    114    108 
   111 :    108    115 
   112 :    115    109 
   113 :    109      6 
   114 :      7    116 
   115 :    116    120 
   116 :    120    117 
   117 :    117    121 
   118 :    121    118 
   119 :    118    122 
   120 :    122    119 
   121 :    119      6 
   122 :      1    123 
   123 :    123    137 
   124 :    137    136 
   125 :    136    138 
   126 :    138    135 
   127 :    135    139 
   128 :    139    134 
   129 :    134    140 
   130 :    140    133 
   131 :    133    141 
   132 :    141    132 
   133 :    132    142 
   134 :    142    131 
   135 :    131    143 
   136 :    143    130 
   137 :    130    144 
   138 :    144    129 
   139 :    129    145 
   140 :    145    128 
   141 :    128    146 
   142 :    146    127 
   143 :    127    147 
   144 :    147    126 
   145 :    126    148 
   146 :    148    125 
   147 :    125    149 
   148 :    149    124 
   149 :    124      7 
Number of quads 545 
     0 :    415    529    407    336
     1 :    524    413    332    379
     2 :    391    278    589    304
     3 :     58    153    506     40
     4 :    301    270    455    404
     5 :    512    212    176    219
     6 :    590    310     70     76
     7 :    606    605    185    369
     8 :    608    607    242    373
     9 :    305    535    372    359
    10 :    491    374    295    492
    11 :    254    243     80     73
    12 :    345    306    587    213
    13 :    321    401    370    190
    14 :    334    499    529    415
    15 :    132    142    285    456
    16 :    432    170    615    614
    17 :    171    388    207    199
    18 :    315    318    103      5
    19 :    318    316    110    103
    20 :    221    260    483    223
    21 :    598    427     99     87
    22 :    488     86     99    427
    23 :    330    190    532    402
    24 :    358    331     72     78
    25 :    184    375    367    215
    26 :    367    352    371    310
    27 :    138    135    289    236
    28 :    316    325    104    110
    29 :    325    323    111    104
    30 :     11    559    250     32
    31 :    462    472    411    312
    32 :    326    328     85    100
    33 :    328    327    101     85
    34 :    198    503    509    347
    35 :    187    502    409    513
    36 :    307    536    360    257
    37 :    331    344     79     72
    38 :    351    402    366    352
    39 :    195    313    259    480
    40 :    559    286    573    250
    41 :    297    274    283    333
    42 :    429    356    428    233
    43 :    323    337    105    111
    44 :    337    335    112    105
    45 :    566    473    169    406
    46 :    192    339    340    338
    47 :    338    340     18     26
    48 :    340    303     25     18
    49 :    339    193    303    340
    50 :    602    461    548    538
    51 :    602    569    342    574
    52 :    489    182    375    184
    53 :    183    491    492    346
    54 :     66    214    308     62
    55 :    160    603    545    182
    56 :    584    392    543    385
    57 :    163    498    237    298
    58 :    150    599    327    328
    59 :    329    160    182    489
    60 :    162    294    541    534
    61 :    186    489    184    189
    62 :    532    320    256    368
    63 :    574    342    174    582
    64 :    342     91     94    174
    65 :    412    348    315    437
    66 :    494    282    618    617
    67 :    289    249    378    588
    68 :    223    483    220    300
    69 :    357    597    102     84
    70 :    597    437     83    102
    71 :    516    290    387    471
    72 :    256    346    344    331
    73 :    609    608    373    309
    74 :    242    369    401    321
    75 :    605    162    534    185
    76 :    185    534    306    345
    77 :    374    188    365    295
    78 :    545    330    402    351
    79 :     64    537    186     67
    80 :    471    387    311    196
    81 :    426    364    447    476
    82 :    168    445    593    177
    83 :    240    573    355    477
    84 :    364    155    241    269
    85 :    445    561    565    593
    86 :     45     53    294    162
    87 :    295    365    194    243
    88 :    257    360    535    305
    89 :    366    368    358    490
    90 :    490    358     78     71
    91 :     65    612    493     68
    92 :    401    345    213    370
    93 :    372    501    502    187
    94 :     62    308     69      3
    95 :     52     45    162    605
    96 :    243    194     74     80
    97 :     53     44    307    294
    98 :    344    254     73     79
    99 :    402    532    368    366
   100 :     67    186    189     63
   101 :    294    307    257    541
   102 :    312    411    484    431
   103 :    284    517    472    462
   104 :    165    258    350    382
   105 :    216    393    181    479
   106 :    283    576    150    205
   107 :    260    591    324    483
   108 :    552    595    297    591
   109 :    180    222    210    172
   110 :    170    433    616    615
   111 :    217    284    462    287
   112 :    113    106    272    613
   113 :    279    196    316    318
   114 :    237    347    296    504
   115 :    407    216    479    579
   116 :    332    384    392    584
   117 :    128    146    195    258
   118 :    147    126    499    334
   119 :    129    145    165    380
   120 :    571    287    601    464
   121 :    134    140    554    421
   122 :    496    226    592    594
   123 :    455    354    173    497
   124 :    495    575    218    291
   125 :    106    112    335    272
   126 :    349    504    225    235
   127 :    126    148    485    499
   128 :    442    526    571    570
   129 :     56    397    398     42
   130 :     42    398    395     55
   131 :    398    396    159    395
   132 :    397    200    396    398
   133 :     55    395    400     43
   134 :    182    545    351    375
   135 :    244    321    190    330
   136 :    395    159    399    400
   137 :    610    609    309    322
   138 :    306    533    255    587
   139 :    370    213    183    320
   140 :    308    590     76     69
   141 :     41    224    397     56
   142 :    589    583    277    577
   143 :    540    497    557    460
   144 :     37    391    304     60
   145 :     33    556    559     11
   146 :    314    199    335    337
   147 :    388    248    542    207
   148 :     63    189    214     66
   149 :     75    410    408      4
   150 :    410    409    203    408
   151 :    607    606    369    242
   152 :    151    458    494    433
   153 :    526    217    287    571
   154 :    479    181    151    604
   155 :    333    283    205    245
   156 :    210    386    171    555
   157 :    145    128    258    165
   158 :    336    407    579    383
   159 :    196    311    325    316
   160 :    543    121    118    420
   161 :    285    163    298    517
   162 :    176    531    271    152
   163 :    557    450    208    530
   164 :    262    508    434    575
   165 :    452    418    270    301
   166 :    164    555    314    430
   167 :    222    273    386    210
   168 :    394    221    223    166
   169 :    378    544    595    552
   170 :    420    118    122    282
   171 :    601    312    431    457
   172 :    585    179    439    568
   173 :    422    424    158    423
   174 :    422    423     27     16
   175 :    288     15     29    519
   176 :    426    156    155    364
   177 :    593    488    427    177
   178 :    146    127    313    195
   179 :    298    237    504    349
   180 :    125    149    413    524
   181 :    324    333    245    204
   182 :    299    516    471    377
   183 :    317    394    166    286
   184 :    247    456    284    217
   185 :    140    133    525    554
   186 :    350    480    273    222
   187 :    595    570    274    297
   188 :    384    120    117    392
   189 :    591    297    333    324
   190 :    539    578    238    468
   191 :     60    304    403     38
   192 :     24     19    231    212
   193 :    158    435    436    423
   194 :    423    436     17     27
   195 :    436    338     26     17
   196 :    435    192    338    436
   197 :    437    315      5     83
   198 :    480    259    197    273
   199 :    569     95     91    342
   200 :    440    441     88     97
   201 :    228    234    481    482
   202 :    580     89     96    438
   203 :     98     88    441    281
   204 :    441    439    179    281
   205 :     19     25    303    231
   206 :    172    210    555    164
   207 :    406    169    221    394
   208 :    220    204    561    562
   209 :    143    130    198    498
   210 :    582    174    293    354
   211 :     90    444    438     96
   212 :    454    468    452    453
   213 :    546    547    549    568
   214 :    426    476    445    168
   215 :    446    475    167    448
   216 :    425    486    474    319
   217 :    477    229    425    240
   218 :    447    229    477    268
   219 :    202    319     31     12
   220 :    460    557    530    227
   221 :    459    261    302    511
   222 :    208    450    451    449
   223 :    449    451     82      4
   224 :    451    341     93     82
   225 :    450    173    341    451
   226 :    261    152    253    302
   227 :    224    564    200    397
   228 :    417    390    495    153
   229 :    271    481    234    252
   230 :    219    176    152    261
   231 :    511    302    154    343
   232 :    230    405    459    292
   233 :    583    511    343    277
   234 :     59    596    417     39
   235 :    291    218    469    563
   236 :    292    459    511    583
   237 :    153    495    291    506
   238 :    377    471    196    279
   239 :    419    376    597    357
   240 :    431    484    376    419
   241 :    497    173    450    557
   242 :    619    232    230    558
   243 :    293     92     93    341
   244 :    354    293    341    173
   245 :    499    485    463    529
   246 :    478    406    394    317
   247 :    504    296    299    225
   248 :    259    415    336    197
   249 :    192    435    467    465
   250 :    390    262    575    495
   251 :    435    158    466    467
   252 :    558    230    292    278
   253 :    343    154    454    251
   254 :    577    277    276    211
   255 :    470    558    278    391
   256 :    356    275    566    428
   257 :    296    553    516    299
   258 :    181    385    458    151
   259 :    567    549    551    446
   260 :    550    519    157    362
   261 :    157     14     30    266
   262 :    387    164    430    311
   263 :    570    571    464    274
   264 :    588    378    552    560
   265 :    204    245    565    561
   266 :    193    339    482    481
   267 :    267    191    264    505
   268 :    547    466    551    549
   269 :    339    192    465    482
   270 :    144    129    380    503
   271 :    382    350    222    180
   272 :    572    382    180    414
   273 :    300    220    562    268
   274 :    487    567    446    448
   275 :    593    565    326    488
   276 :    586    280    179    585
   277 :    240    425    319    202
   278 :    214    215    590    308
   279 :    213    587    491    183
   280 :    375    351    352    367
   281 :     44     54    536    307
   282 :    215    367    310    590
   283 :    603    244    330    545
   284 :    141    132    456    247
   285 :    386    443    388    171
   286 :    517    298    349    472
   287 :    235    225    246    206
   288 :    531    193    481    271
   289 :    403    577    211    596
   290 :     39    417    153     58
   291 :    553    414    290    516
   292 :    236    289    588    473
   293 :    555    171    199    314
   294 :    392    117    121    543
   295 :    203    409    502    500
   296 :    500    502    501    161
   297 :    368    256    331    358
   298 :    360    399    515    535
   299 :    142    131    163    285
   300 :    207    542    613    272
   301 :    580    440     97     89
   302 :    191    465    467    264
   303 :    212    231    531    176
   304 :     40    506    510     57
   305 :    252    234    461    578
   306 :    152    271    252    253
   307 :    604    151    433    170
   308 :    421    554    442    544
   309 :    389    512    219    405
   310 :    231    303    193    531
   311 :    578    461    602    238
   312 :    506    291    563    510
   313 :    309    373    244    603
   314 :    612    611    361    493
   315 :    515    514    161    501
   316 :    399    159    514    515
   317 :    287    462    312    601
   318 :    463    379    393    216
   319 :    376    412    437    597
   320 :    313    334    415    259
   321 :     20     24    212    512
   322 :    468    238    418    452
   323 :     23     20    512    389
   324 :    519     29     14    157
   325 :    269    241    363    486
   326 :    229    269    486    425
   327 :    551    424    475    446
   328 :    161    522    523    500
   329 :    500    523    521    203
   330 :    523    263    227    521
   331 :    522    201    263    523
   332 :    130    144    503    198
   333 :    483    324    204    220
   334 :    348    279    318    315
   335 :    131    143    498    163
   336 :     21     23    389    232
   337 :    569    444     90     95
   338 :    277    343    251    276
   339 :    267    505    265    178
   340 :    245    205    326    565
   341 :    225    299    377    246
   342 :    209    604    170    432
   343 :    205    150    328    326
   344 :    159    396    527    514
   345 :    514    527    522    161
   346 :    527    507    201    522
   347 :    396    200    507    527
   348 :    456    285    517    284
   349 :    414    180    172    290
   350 :    133    141    247    525
   351 :    434    416    226    496
   352 :    232    389    405    230
   353 :    302    253    539    154
   354 :    563    469    518    564
   355 :    413    528    384    332
   356 :    492    295    243    254
   357 :    587    255    374    491
   358 :    359    372    187    188
   359 :    534    541    533    306
   360 :    365    513    353    194
   361 :    493    361    329    537
   362 :    320    183    346    256
   363 :    189    184    215    214
   364 :     54     43    400    536
   365 :    533    305    359    255
   366 :    535    515    501    372
   367 :    404    455    497    540
   368 :    596    211    390    417
   369 :    575    434    496    218
   370 :    310    371     77     70
   371 :    255    359    188    374
   372 :    537    329    489    186
   373 :    352    366    490    371
   374 :    473    588    560    169
   375 :    485    524    379    463
   376 :    249    421    544    378
   377 :    513    409    410    353
   378 :    536    400    399    360
   379 :    190    370    320    532
   380 :    188    187    513    365
   381 :    453    452    301    416
   382 :    546    568    439    600
   383 :    228    482    465    191
   384 :    265    600    440    580
   385 :    416    301    404    226
   386 :    174     94     92    293
   387 :    362    157    266    363
   388 :    424    551    466    158
   389 :    426    487    448    156
   390 :    525    247    217    526
   391 :    458    420    282    494
   392 :    139    134    421    249
   393 :    155    362    363    241
   394 :    311    430    323    325
   395 :    233    428    478    381
   396 :    248    209    432    542
   397 :    426    168    586    487
   398 :    510    563    564    224
   399 :     22     21    232    619
   400 :    238    602    574    418
   401 :    304    589    577    403
   402 :    380    165    382    572
   403 :    503    380    572    509
   404 :    554    525    526    442
   405 :    383    579    209    248
   406 :    166    223    300    355
   407 :    520     28     15    288
   408 :    542    432    614    613
   409 :     57    510    224     41
   410 :    620    619    558    470
   411 :    488    326    100     86
   412 :    280    177    427    598
   413 :     10    381    556     33
   414 :    136    138    236    275
   415 :    197    336    383    443
   416 :    148    125    524    485
   417 :    347    509    553    296
   418 :     12     32    250    202
   419 :    319    474     13     31
   420 :    477    355    300    268
   421 :    487    586    585    567
   422 :    202    250    573    240
   423 :    364    269    229    447
   424 :    474    266     30     13
   425 :    602    538    444    569
   426 :    461    234    228    548
   427 :    548    267    178    538
   428 :    418    574    582    270
   429 :    464    601    457    576
   430 :    443    383    248    388
   431 :    556    317    286    559
   432 :    246    377    279    348
   433 :    544    442    570    595
   434 :    393    584    385    181
   435 :    430    314    337    323
   436 :    599    419    357    327
   437 :    123    137    356    429
   438 :    433    494    617    616
   439 :    509    572    414    553
   440 :     38    403    596     59
   441 :    548    228    191    267
   442 :    276    251    508    262
   443 :    149    124    528    413
   444 :      1    123    429      9
   445 :    564    518    507    200
   446 :    239    175    263    201
   447 :    379    332    584    393
   448 :    275    236    473    566
   449 :    282    122    119    618
   450 :    484    206    412    376
   451 :    127    147    334    313
   452 :      9    429    233     34
   453 :    169    560    260    221
   454 :    600    439    441    440
   455 :    178    265    580    438
   456 :    208    449    581    530
   457 :    530    581    521    227
   458 :    581    408    203    521
   459 :    449      4    408    581
   460 :     36    620    470     61
   461 :    538    178    438    444
   462 :    175    460    227    263
   463 :    226    404    540    592
   464 :    592    540    460    175
   465 :    528    116    120    384
   466 :    498    198    347    237
   467 :    567    585    568    549
   468 :    167    288    519    550
   469 :    424    422    520    475
   470 :    476    562    561    445
   471 :    486    363    266    474
   472 :    476    447    268    562
   473 :    448    167    550    156
   474 :    371    490     71     77
   475 :    361    322    160    329
   476 :    541    257    305    533
   477 :    428    566    406    478
   478 :    529    463    216    407
   479 :    199    207    272    335
   480 :    411    235    206    484
   481 :    137    136    275    356
   482 :    278    292    583    589
   483 :    469    594    239    518
   484 :    405    219    261    459
   485 :    194    353     81     74
   486 :    353    410     75     81
   487 :    346    492    254    344
   488 :     68    493    537     64
   489 :    369    185    345    401
   490 :    579    479    604    209
   491 :    258    195    480    350
   492 :    211    276    262    390
   493 :     61    470    391     37
   494 :    508    453    416    434
   495 :    475    520    288    167
   496 :    168    177    280    586
   497 :    154    539    468    454
   498 :    218    496    594    469
   499 :    472    349    235    411
   500 :    156    550    362    155
   501 :    518    239    201    507
   502 :    274    464    576    283
   503 :    273    197    443    386
   504 :     34    233    381     10
   505 :    253    252    578    539
   506 :    270    582    354    455
   507 :    594    592    175    239
   508 :    357     84    101    327
   509 :    598     87     98    281
   510 :    281    179    280    598
   511 :    124      7    116    528
   512 :    290    172    164    387
   513 :    576    457    599    150
   514 :    505    546    600    265
   515 :    505    264    547    546
   516 :    264    467    466    547
   517 :    560    552    591    260
   518 :    286    166    355    573
   519 :    381    478    317    556
   520 :    422     16     28    520
   521 :    135    139    249    289
   522 :    251    454    453    508
   523 :    322    309    603    160
   524 :    611    610    322    361
   525 :    373    242    321    244
   526 :    457    431    419    599
   527 :    385    543    420    458
   528 :    206    246    348    412
   529 :     46     52    605    606
   530 :     51     46    606    607
   531 :     47     51    607    608
   532 :     50     47    608    609
   533 :     48     50    609    610
   534 :     49     48    610    611
   535 :     35     49    611    612
   536 :      2     35    612     65
   537 :    107    113    613    614
   538 :    114    107    614    615
   539 :    108    114    615    616
   540 :    115    108    616    617
   541 :    109    115    617    618
   542 :      6    109    618    119
   543 :      8     22    619    620
   544 :      0      8    620     36
Number of domains 8
  Domain :      0 
  Name : Symmetry
  Number of elements :     28
     0     1     2     3     4     5     6     7     8     9
    10    11    12    13    14    15    16    17    18    19
    20    21    22    23    24    25    26    27
  Domain :      1 
  Name : Top
  Number of elements :     28
    28    29    30    31    32    33    34    35    36    37
    38    39    40    41    42    43    44    45    46    47
    48    49    50    51    52    53    54    55
  Domain :      2 
  Name : Entity 2 
  Number of elements :      8
    56    57    58    59    60    61    62    63
  Domain :      3 
  Name : Entity 3 
  Number of elements :     14
    64    65    66    67    68    69    70    71    72    73
    74    75    76    77
  Domain :      4 
  Name : Entity 4 
  Number of elements :     22
    78    79    80    81    82    83    84    85    86    87
    88    89    90    91    92    93    94    95    96    97
    98    99
  Domain :      5 
  Name : Entity 5 
  Number of elements :     14
   100   101   102   103   104   105   106   107   108   109
   110   111   112   113
  Domain :      6 
  Name : Entity 6 
  Number of elements :      8
   114   115   116   117   118   119   120   121
  Domain :      7 
  Name : Bottom
  Number of elements :     28
   122   123   124   125   126   127   128   129   130   131
   132   133   134   135   136   137   138   139   140   141
   142   143   144   145   146   147   148   149
