Number of nodes 250 
     0 :  0.0000000e+00  9.0000000e-01 
     1 :  9.0000000e+00  8.6942286e+00 
     2 :  0.0000000e+00  1.0800000e+01 
     3 :  9.0000000e+00  1.8594229e+01 
     4 :  1.1700000e+01  8.6942286e+00 
     5 :  2.0700000e+01  9.0000000e-01 
     6 :  2.7000000e+00  9.0000000e-01 
     7 :  1.1700000e+01  1.8594229e+01 
     8 :  2.0700000e+01  1.0800000e+01 
     9 :  2.7000000e+00  1.0800000e+01 
    10 :  2.3400000e+01  9.0000000e-01 
    11 :  3.2400000e+01  8.6942286e+00 
    12 :  1.4400000e+01  8.6942286e+00 
    13 :  2.3400000e+01  1.0800000e+01 
    14 :  3.2400000e+01  1.8594229e+01 
    15 :  1.4400000e+01  1.8594229e+01 
    16 :  3.5100000e+01  8.6942286e+00 
    17 :  4.4100000e+01  9.0000000e-01 
    18 :  2.6100000e+01  9.0000000e-01 
    19 :  3.5100000e+01  1.8594229e+01 
    20 :  4.4100000e+01  1.0800000e+01 
    21 :  2.6100000e+01  1.0800000e+01 
    22 :  0.0000000e+00  0.0000000e+00 
    23 :  0.0000000e+00  8.6942286e+00 
    24 :  0.0000000e+00  1.8594229e+01 
    25 :  0.0000000e+00  2.0700000e+01 
    26 :  4.5000000e+01  2.0700000e+01 
    27 :  4.5000000e+01  1.8594229e+01 
    28 :  3.7800000e+01  1.8594229e+01 
    29 :  4.5000000e+01  1.2358846e+01 
    30 :  4.5000000e+01  8.6942286e+00 
    31 :  3.7800000e+01  8.6942286e+00 
    32 :  4.5000000e+01  2.4588457e+00 
    33 :  4.5000000e+01  0.0000000e+00 
    34 :  2.3458413e+00  2.9315581e+00 
    35 :  6.8458413e+00  6.8286725e+00 
    36 :  4.6916825e+00  4.9631163e+00 
    37 :  2.3723902e+00  1.2854550e+01 
    38 :  6.8723902e+00  1.6751665e+01 
    39 :  4.7447804e+00  1.4909100e+01 
    40 :  1.3854159e+01  6.8286725e+00 
    41 :  1.8354159e+01  2.9315581e+00 
    42 :  1.6008317e+01  4.9631163e+00 
    43 :  1.6200000e+01  9.0000000e-01 
    44 :  7.2000000e+00  9.0000000e-01 
    45 :  1.1700000e+01  9.0000000e-01 
    46 :  5.0458413e+00  2.9315581e+00 
    47 :  9.5458413e+00  6.8286725e+00 
    48 :  7.3916825e+00  4.9631163e+00 
    49 :  1.3827610e+01  1.6751665e+01 
    50 :  1.8327610e+01  1.2854550e+01 
    51 :  1.5955220e+01  1.4909100e+01 
    52 :  1.7700000e+01  1.0800000e+01 
    53 :  1.1700000e+01  1.0800000e+01 
    54 :  5.7000000e+00  1.0800000e+01 
    55 :  1.4700000e+01  1.0800000e+01 
    56 :  8.7000000e+00  1.0800000e+01 
    57 :  5.0723902e+00  1.2854550e+01 
    58 :  9.5723902e+00  1.6751665e+01 
    59 :  7.4447804e+00  1.4909100e+01 
    60 :  2.5745841e+01  2.9315581e+00 
    61 :  3.0245841e+01  6.8286725e+00 
    62 :  2.8091683e+01  4.9631163e+00 
    63 :  2.7900000e+01  8.6942286e+00 
    64 :  1.8900000e+01  8.6942286e+00 
    65 :  2.3400000e+01  8.6942286e+00 
    66 :  1.6554159e+01  6.8286725e+00 
    67 :  2.1054159e+01  2.9315581e+00 
    68 :  1.8708317e+01  4.9631163e+00 
    69 :  2.5772390e+01  1.2854550e+01 
    70 :  3.0272390e+01  1.6751665e+01 
    71 :  2.8144780e+01  1.4909100e+01 
    72 :  2.9400000e+01  1.8594229e+01 
    73 :  2.3400000e+01  1.8594229e+01 
    74 :  1.7400000e+01  1.8594229e+01 
    75 :  2.6400000e+01  1.8594229e+01 
    76 :  2.0400000e+01  1.8594229e+01 
    77 :  1.6527610e+01  1.6751665e+01 
    78 :  2.1027610e+01  1.2854550e+01 
    79 :  1.8655220e+01  1.4909100e+01 
    80 :  3.7254159e+01  6.8286725e+00 
    81 :  4.1754159e+01  2.9315581e+00 
    82 :  3.9408317e+01  4.9631163e+00 
    83 :  3.9600000e+01  9.0000000e-01 
    84 :  3.0600000e+01  9.0000000e-01 
    85 :  3.5100000e+01  9.0000000e-01 
    86 :  2.8445841e+01  2.9315581e+00 
    87 :  3.2945841e+01  6.8286725e+00 
    88 :  3.0791683e+01  4.9631163e+00 
    89 :  3.7227610e+01  1.6751665e+01 
    90 :  4.1727610e+01  1.2854550e+01 
    91 :  3.9355220e+01  1.4909100e+01 
    92 :  4.1100000e+01  1.0800000e+01 
    93 :  3.5100000e+01  1.0800000e+01 
    94 :  2.9100000e+01  1.0800000e+01 
    95 :  3.8100000e+01  1.0800000e+01 
    96 :  3.2100000e+01  1.0800000e+01 
    97 :  2.8472390e+01  1.2854550e+01 
    98 :  3.2972390e+01  1.6751665e+01 
    99 :  3.0844780e+01  1.4909100e+01 
   100 :  0.0000000e+00  4.5000000e-01 
   101 :  4.5000000e+00  8.6942286e+00 
   102 :  0.0000000e+00  9.7471143e+00 
   103 :  6.7500000e+00  1.8594229e+01 
   104 :  2.2500000e+00  1.8594229e+01 
   105 :  4.5000000e+00  1.8594229e+01 
   106 :  0.0000000e+00  1.9647114e+01 
   107 :  4.1785714e+01  2.0700000e+01 
   108 :  3.5357143e+01  2.0700000e+01 
   109 :  2.8928571e+01  2.0700000e+01 
   110 :  2.2500000e+01  2.0700000e+01 
   111 :  1.6071429e+01  2.0700000e+01 
   112 :  9.6428571e+00  2.0700000e+01 
   113 :  3.2142857e+00  2.0700000e+01 
   114 :  3.8571429e+01  2.0700000e+01 
   115 :  3.2142857e+01  2.0700000e+01 
   116 :  2.5714286e+01  2.0700000e+01 
   117 :  1.9285714e+01  2.0700000e+01 
   118 :  1.2857143e+01  2.0700000e+01 
   119 :  6.4285714e+00  2.0700000e+01 
   120 :  4.5000000e+01  1.9647114e+01 
   121 :  4.3200000e+01  1.8594229e+01 
   122 :  3.9600000e+01  1.8594229e+01 
   123 :  4.1400000e+01  1.8594229e+01 
   124 :  3.9520012e+01  1.7104654e+01 
   125 :  4.3120012e+01  1.3986963e+01 
   126 :  4.1240024e+01  1.5615080e+01 
   127 :  4.5000000e+01  1.0526537e+01 
   128 :  4.1400000e+01  8.6942286e+00 
   129 :  4.1400000e+01  5.5765372e+00 
   130 :  4.5000000e+01  1.2294229e+00 
   131 :  4.5000000e+00  0.0000000e+00 
   132 :  1.3500000e+01  0.0000000e+00 
   133 :  2.2500000e+01  0.0000000e+00 
   134 :  3.1500000e+01  0.0000000e+00 
   135 :  4.0500000e+01  0.0000000e+00 
   136 :  9.0000000e+00  0.0000000e+00 
   137 :  1.8000000e+01  0.0000000e+00 
   138 :  2.7000000e+01  0.0000000e+00 
   139 :  3.6000000e+01  0.0000000e+00 
   140 :  1.5048207e+01  4.1045654e-01 
   141 :  1.9256079e+01  3.8770146e-01 
   142 :  2.4337470e+00  4.3340601e-01 
   143 :  5.3915625e+00  4.7256325e-01 
   144 :  1.0258220e+01  1.9284530e+01 
   145 :  7.9775138e+00  1.9673659e+01 
   146 :  1.9516050e+01  1.2973393e+01 
   147 :  2.1614716e+01  1.0623106e+01 
   148 :  2.5182066e+01  1.0606905e+01 
   149 :  2.7278059e+01  1.2977865e+01 
   150 :  3.8847402e+00  1.2975440e+01 
   151 :  1.7889370e+00  1.0616125e+01 
   152 :  2.1939277e+01  7.3107232e-01 
   153 :  1.9825245e+01  2.7965027e+00 
   154 :  2.7044075e+01  2.7878206e+00 
   155 :  2.4864000e+01  1.0767926e+00 
   156 :  1.8366165e+01  9.7422324e+00 
   157 :  1.7122642e+01  1.0167332e+01 
   158 :  5.2989790e+00  9.7544984e+00 
   159 :  9.1652043e+00  9.8159623e+00 
   160 :  3.3405048e+01  9.9816000e+00 
   161 :  2.8656554e+01  9.7746704e+00 
   162 :  2.8078426e+00  1.9653014e+01 
   163 :  1.1604837e+01  9.1393293e+00 
   164 :  1.3750029e+01  8.4950218e+00 
   165 :  3.3087347e+01  9.0149632e+00 
   166 :  3.1668885e+01  6.9045620e+00 
   167 :  4.3917238e+01  1.2156063e+01 
   168 :  4.2559601e+01  1.9638557e+01 
   169 :  4.4234712e+01  1.8481487e+00 
   170 :  3.8723433e+01  6.7248832e+00 
   171 :  3.6766500e+01  8.3814965e+00 
   172 :  3.5238986e+01  9.2991095e+00 
   173 :  4.4352471e+01  5.2855114e-01 
   174 :  3.9817116e+01  4.6046687e-01 
   175 :  2.3093164e+01  4.0452885e-01 
   176 :  2.6594487e+01  4.2141105e-01 
   177 :  3.1134907e+01  4.3019603e-01 
   178 :  3.4623139e+01  1.9223593e+01 
   179 :  3.1740233e+01  1.7008532e+01 
   180 :  8.6604422e+00  7.5493537e+00 
   181 :  7.1065080e+00  5.4934792e+00 
   182 :  2.6069207e+01  1.9647388e+01 
   183 :  2.9174702e+01  1.9649632e+01 
   184 :  1.9860527e+01  1.9646879e+01 
   185 :  2.2965388e+01  1.9647218e+01 
   186 :  3.5241583e+01  1.0013443e+01 
   187 :  1.3066831e+01  9.9875740e+00 
   188 :  3.7965870e+01  1.9678332e+01 
   189 :  3.7331809e+01  1.7986886e+01 
   190 :  3.4887393e+01  1.9940082e+01 
   191 :  4.0350700e+01  1.5208985e+01 
   192 :  4.2349629e+01  1.3474233e+01 
   193 :  1.3427606e+01  1.8590568e+01 
   194 :  1.2680557e+01  2.0016804e+01 
   195 :  5.3131076e+00  1.9670626e+01 
   196 :  4.0365544e+01  1.9680545e+01 
   197 :  8.3064409e+00  1.6833489e+01 
   198 :  6.0639299e+00  1.4874515e+01 
   199 :  2.9449074e+01  1.4889111e+01 
   200 :  1.5069482e+01  1.6851722e+01 
   201 :  1.7332655e+01  1.4876084e+01 
   202 :  2.9402289e+01  4.9153469e+00 
   203 :  1.7371124e+01  4.9572264e+00 
   204 :  3.5456979e+00  2.4738809e+00 
   205 :  5.0509158e+00  3.6977380e+00 
   206 :  1.1751488e+01  1.9049804e+01 
   207 :  1.0312907e+01  1.8482636e+01 
   208 :  3.8521840e+01  1.6785379e+01 
   209 :  3.5527215e+01  4.4842924e-01 
   210 :  1.3472359e+01  1.7892180e+01 
   211 :  2.4517670e+00  9.6956915e+00 
   212 :  2.3406273e+01  9.5949086e+00 
   213 :  2.5789864e+01  9.6807613e+00 
   214 :  2.1007267e+01  9.6522333e+00 
   215 :  2.1981437e+01  2.9727273e-01 
   216 :  1.0328590e+01  4.4391351e-01 
   217 :  1.8305384e+00  8.0870258e-01 
   218 :  1.6669686e+01  5.8805909e-01 
   219 :  2.9697630e+00  2.6643386e+00 
   220 :  1.0000580e+01  1.9962227e+01 
   221 :  2.0762655e+01  1.2186968e+01 
   222 :  2.6035188e+01  1.2186021e+01 
   223 :  2.6382382e+00  1.2185857e+01 
   224 :  2.1743339e+01  1.5183590e+00 
   225 :  2.5932744e+01  2.3347696e+00 
   226 :  1.4748258e+01  9.8800418e+00 
   227 :  3.1776826e+01  9.7762447e+00 
   228 :  1.8048739e+00  1.9263588e+01 
   229 :  1.2292037e+01  9.2780356e+00 
   230 :  3.3083520e+01  7.9589089e+00 
   231 :  4.3509319e+01  1.9259614e+01 
   232 :  4.1688965e+01  4.1501647e+00 
   233 :  3.6731262e+01  9.4557907e+00 
   234 :  4.4558687e+01  1.1843493e+00 
   235 :  4.1320389e+01  3.0180351e-01 
   236 :  2.4069832e+01  6.5833109e-01 
   237 :  2.9736398e+01  6.0449535e-01 
   238 :  3.2272629e+01  1.9692866e+01 
   239 :  3.2865503e+01  1.7429216e+01 
   240 :  1.1955044e+01  9.8457865e+00 
   241 :  8.5246452e+00  6.7396065e+00 
   242 :  2.2829876e+01  5.9342677e-01 
   243 :  2.3122221e+01  7.2930398e-01 
   244 :  3.3875087e+01  9.3032235e+00 
   245 :  3.4022726e+01  8.6888725e+00 
   246 :  1.2019825e+01  1.9503743e+01 
   247 :  1.6732359e+01  1.9647365e+01 
   248 :  4.8652823e+00  4.3262605e+00 
   249 :  6.9294636e+00  6.1212858e+00 
Number of edges 140 
     0 :      0     34 
     1 :     34     36 
     2 :     36     35 
     3 :     35      1 
     4 :      2     37 
     5 :     37     39 
     6 :     39     38 
     7 :     38      3 
     8 :      4     40 
     9 :     40     42 
    10 :     42     41 
    11 :     41      5 
    12 :      5     43 
    13 :     43     45 
    14 :     45     44 
    15 :     44      6 
    16 :      6     46 
    17 :     46     48 
    18 :     48     47 
    19 :     47      4 
    20 :      7     49 
    21 :     49     51 
    22 :     51     50 
    23 :     50      8 
    24 :      8     52 
    25 :     52     55 
    26 :     55     53 
    27 :     53     56 
    28 :     56     54 
    29 :     54      9 
    30 :      9     57 
    31 :     57     59 
    32 :     59     58 
    33 :     58      7 
    34 :     10     60 
    35 :     60     62 
    36 :     62     61 
    37 :     61     11 
    38 :     11     63 
    39 :     63     65 
    40 :     65     64 
    41 :     64     12 
    42 :     12     66 
    43 :     66     68 
    44 :     68     67 
    45 :     67     10 
    46 :     13     69 
    47 :     69     71 
    48 :     71     70 
    49 :     70     14 
    50 :     14     72 
    51 :     72     75 
    52 :     75     73 
    53 :     73     76 
    54 :     76     74 
    55 :     74     15 
    56 :     15     77 
    57 :     77     79 
    58 :     79     78 
    59 :     78     13 
    60 :     16     80 
    61 :     80     82 
    62 :     82     81 
    63 :     81     17 
    64 :     17     83 
    65 :     83     85 
    66 :     85     84 
    67 :     84     18 
    68 :     18     86 
    69 :     86     88 
    70 :     88     87 
    71 :     87     16 
    72 :     19     89 
    73 :     89     91 
    74 :     91     90 
    75 :     90     20 
    76 :     20     92 
    77 :     92     95 
    78 :     95     93 
    79 :     93     96 
    80 :     96     94 
    81 :     94     21 
    82 :     21     97 
    83 :     97     99 
    84 :     99     98 
    85 :     98     19 
    86 :      0    100 
    87 :    100     22 
    88 :      1    101 
    89 :    101     23 
    90 :      2    102 
    91 :    102     23 
    92 :      3    103 
    93 :    103    105 
    94 :    105    104 
    95 :    104     24 
    96 :     25    106 
    97 :    106     24 
    98 :     26    107 
    99 :    107    114 
   100 :    114    108 
   101 :    108    115 
   102 :    115    109 
   103 :    109    116 
   104 :    116    110 
   105 :    110    117 
   106 :    117    111 
   107 :    111    118 
   108 :    118    112 
   109 :    112    119 
   110 :    119    113 
   111 :    113     25 
   112 :     27    120 
   113 :    120     26 
   114 :     27    121 
   115 :    121    123 
   116 :    123    122 
   117 :    122     28 
   118 :     28    124 
   119 :    124    126 
   120 :    126    125 
   121 :    125     29 
   122 :     30    127 
   123 :    127     29 
   124 :     30    128 
   125 :    128     31 
   126 :     31    129 
   127 :    129     32 
   128 :     33    130 
   129 :    130     32 
   130 :     22    131 
   131 :    131    136 
   132 :    136    132 
   133 :    132    137 
   134 :    137    133 
   135 :    133    138 
   136 :    138    134 
   137 :    134    139 
   138 :    139    135 
   139 :    135     33 
Number of quads 185 
     0 :    190    188    114    108
     1 :     72    183    182     75
     2 :    188    196    107    114
     3 :     80    171    172     16
     4 :    128     20     92     31
     5 :    128     30    127     20
     6 :    116    110    185    182
     7 :    182    185     73     75
     8 :    185    184     76     73
     9 :    110    117    184    185
    10 :    233     95     93    186
    11 :    227    161     11    165
    12 :    233     31     92     95
    13 :    233    171    170     31
    14 :    157    156      8     52
    15 :    157     52     55    226
    16 :    229    164    187    240
    17 :     54      9    158    159
    18 :    190    108    115    238
    19 :    190    178     28    188
    20 :    190    238     14    178
    21 :    182    183    109    116
    22 :    126    191    192    125
    23 :     20    167    192     90
    24 :     20    127     29    167
    25 :    191     91     90    192
    26 :    194    220    144    246
    27 :    194    246    193     15
    28 :    194     15     74    247
    29 :     74     76    184    247
    30 :    119    113    195    145
    31 :    145    195    103      3
    32 :    195    162    105    103
    33 :    113     25    162    195
    34 :    123    168    196    122
    35 :    178     19    189     28
    36 :     28    122    196    188
    37 :    168     26    107    196
    38 :     39    150    198     38
    39 :     38    198    197      3
    40 :    198     57     59    197
    41 :    150      9     57    198
    42 :     71    149    199     70
    43 :     70    199    179     14
    44 :    199     97     99    179
    45 :    149     21     97    199
    46 :     51     50    201    200
    47 :    200    201     77     15
    48 :    201    146     79     77
    49 :     50      8    146    201
    50 :     62    154    202     61
    51 :     61    202    166     11
    52 :    202     86     88    166
    53 :    154     18     86    202
    54 :     42     41    203    164
    55 :    164    203     66     12
    56 :    203    153     68     66
    57 :     41      5    153    203
    58 :    180    249    181    241
    59 :    241     47      4    180
    60 :    181     48     47    241
    61 :     46    205    204      6
    62 :      3    197    207    144
    63 :    194    247    111    118
    64 :    207     58      7    206
    65 :    197     59     58    207
    66 :     28    189    208    124
    67 :    124    208    191    126
    68 :    208     89     91    191
    69 :    189     19     89    208
    70 :     85    177    209     83
    71 :     83    209    174     17
    72 :    209    134    139    174
    73 :    177    138    134    209
    74 :      7     49    210    206
    75 :    246    206    210    193
    76 :    210    200     15    193
    77 :     49     51    200    210
    78 :     23    101    211    102
    79 :    102    211    151      2
    80 :    211    158      9    151
    81 :    101      1    158    211
    82 :     65     63    213    212
    83 :    212    213    148     13
    84 :    213    161     21    148
    85 :     63     11    161    213
    86 :      8    156    214    147
    87 :    147    214    212     13
    88 :    214     64     65    212
    89 :    156     12     64    214
    90 :    137    133    215    141
    91 :    141    215    152      5
    92 :    224    243     10     67
    93 :    133    138    175    215
    94 :     16    245    230     87
    95 :     93     96    160    186
    96 :    170    232    129     31
    97 :    170     82     81    232
    98 :     45     44    216    140
    99 :    140    216    132    137
   100 :    216    143    136    132
   101 :     44      6    143    216
   102 :    142    143      6    217
   103 :    142    100     22    131
   104 :    142    217      0    100
   105 :    181    249    248    205
   106 :    137    141    218    140
   107 :    140    218     43     45
   108 :    141      5     43    218
   109 :    142    131    136    143
   110 :    217    219     34      0
   111 :    248     36     34    219
   112 :    119    145    220    112
   113 :    144    207    206    246
   114 :    145      3    144    220
   115 :      8    147    221    146
   116 :    146    221     78     79
   117 :    147     13     78    221
   118 :     21    149    222    148
   119 :    148    222     69     13
   120 :    149     71     69    222
   121 :     39     37    223    150
   122 :    150    223    151      9
   123 :     37      2    151    223
   124 :     10    243    236    155
   125 :    152    224    153      5
   126 :     67     68    153    224
   127 :     60     10    155    225
   128 :     60    225    154     62
   129 :    155     18    154    225
   130 :     55     53    187    226
   131 :     40     42    164    229
   132 :    163      1    180      4
   133 :    163      4     40    229
   134 :    160    227    165    244
   135 :    227     94     21    161
   136 :    227    160     96     94
   137 :     24    104    228    106
   138 :    106    228    162     25
   139 :    104    105    162    228
   140 :    164     12    226    187
   141 :    163    229    240    159
   142 :     12    156    157    226
   143 :     11    166    230    165
   144 :    166     88     87    230
   145 :     29    125    192    167
   146 :    123    121    231    168
   147 :    168    231    120     26
   148 :    121     27    120    231
   149 :     82    170    171     80
   150 :    232     81     17    169
   151 :    232    169     32    129
   152 :     16    172    244    245
   153 :    186    160    244    172
   154 :    233    186    172    171
   155 :     17    173    234    169
   156 :    169    234    130     32
   157 :    173     33    130    234
   158 :     33    173    235    135
   159 :    135    235    174    139
   160 :    173     17    174    235
   161 :    138    176    236    175
   162 :    175    242    152    215
   163 :    176     18    155    236
   164 :     18    176    237     84
   165 :     84    237    177     85
   166 :    176    138    177    237
   167 :    238    183     72     14
   168 :    109    183    238    115
   169 :     19    178    239     98
   170 :     98    239    179     99
   171 :    178     14    179    239
   172 :    163    159    158      1
   173 :    205    248    219    204
   174 :    240     56     54    159
   175 :     48    181    205     46
   176 :    217      6    204    219
   177 :    240    187     53     56
   178 :    242    243    224    152
   179 :    236    243    242    175
   180 :    245    244    165    230
   181 :    247    184    117    111
   182 :    194    118    112    220
   183 :     35    249    180      1
   184 :    248    249     35     36
Number of domains 34
  Domain :      0 
  Name : Entity 3 
  Number of elements :      4
     0     1     2     3
  Domain :      1 
  Name : Entity 6 
  Number of elements :      4
     4     5     6     7
  Domain :      2 
  Name : Entity 12 
  Number of elements :      4
     8     9    10    11
  Domain :      3 
  Name : Entity 13 
  Number of elements :      4
    12    13    14    15
  Domain :      4 
  Name : Entity 14 
  Number of elements :      4
    16    17    18    19
  Domain :      5 
  Name : Entity 15 
  Number of elements :      4
    20    21    22    23
  Domain :      6 
  Name : Entity 16 
  Number of elements :      6
    24    25    26    27    28    29
  Domain :      7 
  Name : Entity 17 
  Number of elements :      4
    30    31    32    33
  Domain :      8 
  Name : Entity 21 
  Number of elements :      4
    34    35    36    37
  Domain :      9 
  Name : Entity 22 
  Number of elements :      4
    38    39    40    41
  Domain :     10 
  Name : Entity 23 
  Number of elements :      4
    42    43    44    45
  Domain :     11 
  Name : Entity 24 
  Number of elements :      4
    46    47    48    49
  Domain :     12 
  Name : Entity 25 
  Number of elements :      6
    50    51    52    53    54    55
  Domain :     13 
  Name : Entity 26 
  Number of elements :      4
    56    57    58    59
  Domain :     14 
  Name : Entity 30 
  Number of elements :      4
    60    61    62    63
  Domain :     15 
  Name : Entity 31 
  Number of elements :      4
    64    65    66    67
  Domain :     16 
  Name : Entity 32 
  Number of elements :      4
    68    69    70    71
  Domain :     17 
  Name : Entity 33 
  Number of elements :      4
    72    73    74    75
  Domain :     18 
  Name : Entity 34 
  Number of elements :      6
    76    77    78    79    80    81
  Domain :     19 
  Name : Entity 35 
  Number of elements :      4
    82    83    84    85
  Domain :     20 
  Name : Entity 36 
  Number of elements :      2
    86    87
  Domain :     21 
  Name : Entity 37 
  Number of elements :      2
    88    89
  Domain :     22 
  Name : Entity 38 
  Number of elements :      2
    90    91
  Domain :     23 
  Name : Entity 39 
  Number of elements :      4
    92    93    94    95
  Domain :     24 
  Name : Entity 40 
  Number of elements :      2
    96    97
  Domain :     25 
  Name : Top
  Number of elements :     14
    98    99   100   101   102   103   104   105   106   107
   108   109   110   111
  Domain :     26 
  Name : Entity 42 
  Number of elements :      2
   112   113
  Domain :     27 
  Name : Entity 43 
  Number of elements :      4
   114   115   116   117
  Domain :     28 
  Name : Entity 44 
  Number of elements :      4
   118   119   120   121
  Domain :     29 
  Name : Entity 45 
  Number of elements :      2
   122   123
  Domain :     30 
  Name : Entity 46 
  Number of elements :      2
   124   125
  Domain :     31 
  Name : Entity 47 
  Number of elements :      2
   126   127
  Domain :     32 
  Name : Entity 48 
  Number of elements :      2
   128   129
  Domain :     33 
  Name : Bottom
  Number of elements :     10
   130   131   132   133   134   135   136   137   138   139
