Number of nodes 629 
     0 :  0.0000000e+00  9.0000000e-01 
     1 :  9.0000000e+00  8.6942286e+00 
     2 :  0.0000000e+00  1.0800000e+01 
     3 :  9.0000000e+00  1.8594229e+01 
     4 :  0.0000000e+00  2.0700000e+01 
     5 :  9.0000000e+00  2.8494229e+01 
     6 :  0.0000000e+00  3.0600000e+01 
     7 :  9.0000000e+00  3.8394229e+01 
     8 :  0.0000000e+00  4.0500000e+01 
     9 :  9.0000000e+00  4.8294229e+01 
    10 :  0.0000000e+00  5.0400000e+01 
    11 :  9.0000000e+00  5.8194229e+01 
    12 :  0.0000000e+00  6.0300000e+01 
    13 :  9.0000000e+00  6.8094229e+01 
    14 :  0.0000000e+00  7.0200000e+01 
    15 :  9.0000000e+00  7.7994229e+01 
    16 :  0.0000000e+00  8.0100000e+01 
    17 :  9.0000000e+00  8.7894229e+01 
    18 :  1.1700000e+01  8.6942286e+00 
    19 :  2.0700000e+01  9.0000000e-01 
    20 :  2.7000000e+00  9.0000000e-01 
    21 :  1.1700000e+01  1.8594229e+01 
    22 :  2.0700000e+01  1.0800000e+01 
    23 :  2.7000000e+00  1.0800000e+01 
    24 :  1.1700000e+01  2.8494229e+01 
    25 :  2.0700000e+01  2.0700000e+01 
    26 :  2.7000000e+00  2.0700000e+01 
    27 :  1.1700000e+01  3.8394229e+01 
    28 :  2.0700000e+01  3.0600000e+01 
    29 :  2.7000000e+00  3.0600000e+01 
    30 :  1.1700000e+01  4.8294229e+01 
    31 :  2.0700000e+01  4.0500000e+01 
    32 :  2.7000000e+00  4.0500000e+01 
    33 :  1.1700000e+01  5.8194229e+01 
    34 :  2.0700000e+01  5.0400000e+01 
    35 :  2.7000000e+00  5.0400000e+01 
    36 :  1.1700000e+01  6.8094229e+01 
    37 :  2.0700000e+01  6.0300000e+01 
    38 :  2.7000000e+00  6.0300000e+01 
    39 :  1.1700000e+01  7.7994229e+01 
    40 :  2.0700000e+01  7.0200000e+01 
    41 :  2.7000000e+00  7.0200000e+01 
    42 :  1.1700000e+01  8.7894229e+01 
    43 :  2.0700000e+01  8.0100000e+01 
    44 :  2.7000000e+00  8.0100000e+01 
    45 :  2.3400000e+01  9.0000000e-01 
    46 :  3.2400000e+01  8.6942286e+00 
    47 :  1.4400000e+01  8.6942286e+00 
    48 :  2.3400000e+01  1.0800000e+01 
    49 :  3.2400000e+01  1.8594229e+01 
    50 :  1.4400000e+01  1.8594229e+01 
    51 :  2.3400000e+01  2.0700000e+01 
    52 :  3.2400000e+01  2.8494229e+01 
    53 :  1.4400000e+01  2.8494229e+01 
    54 :  2.3400000e+01  3.0600000e+01 
    55 :  3.2400000e+01  3.8394229e+01 
    56 :  1.4400000e+01  3.8394229e+01 
    57 :  2.3400000e+01  4.0500000e+01 
    58 :  3.2400000e+01  4.8294229e+01 
    59 :  1.4400000e+01  4.8294229e+01 
    60 :  2.3400000e+01  5.0400000e+01 
    61 :  3.2400000e+01  5.8194229e+01 
    62 :  1.4400000e+01  5.8194229e+01 
    63 :  2.3400000e+01  6.0300000e+01 
    64 :  3.2400000e+01  6.8094229e+01 
    65 :  1.4400000e+01  6.8094229e+01 
    66 :  2.3400000e+01  7.0200000e+01 
    67 :  3.2400000e+01  7.7994229e+01 
    68 :  1.4400000e+01  7.7994229e+01 
    69 :  2.3400000e+01  8.0100000e+01 
    70 :  3.2400000e+01  8.7894229e+01 
    71 :  1.4400000e+01  8.7894229e+01 
    72 :  3.5100000e+01  8.6942286e+00 
    73 :  4.4100000e+01  9.0000000e-01 
    74 :  2.6100000e+01  9.0000000e-01 
    75 :  3.5100000e+01  1.8594229e+01 
    76 :  4.4100000e+01  1.0800000e+01 
    77 :  2.6100000e+01  1.0800000e+01 
    78 :  3.5100000e+01  2.8494229e+01 
    79 :  4.4100000e+01  2.0700000e+01 
    80 :  2.6100000e+01  2.0700000e+01 
    81 :  3.5100000e+01  3.8394229e+01 
    82 :  4.4100000e+01  3.0600000e+01 
    83 :  2.6100000e+01  3.0600000e+01 
    84 :  3.5100000e+01  4.8294229e+01 
    85 :  4.4100000e+01  4.0500000e+01 
    86 :  2.6100000e+01  4.0500000e+01 
    87 :  3.5100000e+01  5.8194229e+01 
    88 :  4.4100000e+01  5.0400000e+01 
    89 :  2.6100000e+01  5.0400000e+01 
    90 :  3.5100000e+01  6.8094229e+01 
    91 :  4.4100000e+01  6.0300000e+01 
    92 :  2.6100000e+01  6.0300000e+01 
    93 :  3.5100000e+01  7.7994229e+01 
    94 :  4.4100000e+01  7.0200000e+01 
    95 :  2.6100000e+01  7.0200000e+01 
    96 :  3.5100000e+01  8.7894229e+01 
    97 :  4.4100000e+01  8.0100000e+01 
    98 :  2.6100000e+01  8.0100000e+01 
    99 :  4.6800000e+01  9.0000000e-01 
   100 :  5.5800000e+01  8.6942286e+00 
   101 :  3.7800000e+01  8.6942286e+00 
   102 :  4.6800000e+01  1.0800000e+01 
   103 :  5.5800000e+01  1.8594229e+01 
   104 :  3.7800000e+01  1.8594229e+01 
   105 :  4.6800000e+01  2.0700000e+01 
   106 :  5.5800000e+01  2.8494229e+01 
   107 :  3.7800000e+01  2.8494229e+01 
   108 :  4.6800000e+01  3.0600000e+01 
   109 :  5.5800000e+01  3.8394229e+01 
   110 :  3.7800000e+01  3.8394229e+01 
   111 :  4.6800000e+01  4.0500000e+01 
   112 :  5.5800000e+01  4.8294229e+01 
   113 :  3.7800000e+01  4.8294229e+01 
   114 :  4.6800000e+01  5.0400000e+01 
   115 :  5.5800000e+01  5.8194229e+01 
   116 :  3.7800000e+01  5.8194229e+01 
   117 :  4.6800000e+01  6.0300000e+01 
   118 :  5.5800000e+01  6.8094229e+01 
   119 :  3.7800000e+01  6.8094229e+01 
   120 :  4.6800000e+01  7.0200000e+01 
   121 :  5.5800000e+01  7.7994229e+01 
   122 :  3.7800000e+01  7.7994229e+01 
   123 :  4.6800000e+01  8.0100000e+01 
   124 :  5.5800000e+01  8.7894229e+01 
   125 :  3.7800000e+01  8.7894229e+01 
   126 :  5.8500000e+01  8.6942286e+00 
   127 :  6.7500000e+01  9.0000000e-01 
   128 :  4.9500000e+01  9.0000000e-01 
   129 :  5.8500000e+01  1.8594229e+01 
   130 :  6.7500000e+01  1.0800000e+01 
   131 :  4.9500000e+01  1.0800000e+01 
   132 :  5.8500000e+01  2.8494229e+01 
   133 :  6.7500000e+01  2.0700000e+01 
   134 :  4.9500000e+01  2.0700000e+01 
   135 :  5.8500000e+01  3.8394229e+01 
   136 :  6.7500000e+01  3.0600000e+01 
   137 :  4.9500000e+01  3.0600000e+01 
   138 :  5.8500000e+01  4.8294229e+01 
   139 :  6.7500000e+01  4.0500000e+01 
   140 :  4.9500000e+01  4.0500000e+01 
   141 :  5.8500000e+01  5.8194229e+01 
   142 :  6.7500000e+01  5.0400000e+01 
   143 :  4.9500000e+01  5.0400000e+01 
   144 :  5.8500000e+01  6.8094229e+01 
   145 :  6.7500000e+01  6.0300000e+01 
   146 :  4.9500000e+01  6.0300000e+01 
   147 :  5.8500000e+01  7.7994229e+01 
   148 :  6.7500000e+01  7.0200000e+01 
   149 :  4.9500000e+01  7.0200000e+01 
   150 :  5.8500000e+01  8.7894229e+01 
   151 :  6.7500000e+01  8.0100000e+01 
   152 :  4.9500000e+01  8.0100000e+01 
   153 :  7.0200000e+01  9.0000000e-01 
   154 :  7.9200000e+01  8.6942286e+00 
   155 :  6.1200000e+01  8.6942286e+00 
   156 :  7.0200000e+01  1.0800000e+01 
   157 :  7.9200000e+01  1.8594229e+01 
   158 :  6.1200000e+01  1.8594229e+01 
   159 :  7.0200000e+01  2.0700000e+01 
   160 :  7.9200000e+01  2.8494229e+01 
   161 :  6.1200000e+01  2.8494229e+01 
   162 :  7.0200000e+01  3.0600000e+01 
   163 :  7.9200000e+01  3.8394229e+01 
   164 :  6.1200000e+01  3.8394229e+01 
   165 :  7.0200000e+01  4.0500000e+01 
   166 :  7.9200000e+01  4.8294229e+01 
   167 :  6.1200000e+01  4.8294229e+01 
   168 :  7.0200000e+01  5.0400000e+01 
   169 :  7.9200000e+01  5.8194229e+01 
   170 :  6.1200000e+01  5.8194229e+01 
   171 :  7.0200000e+01  6.0300000e+01 
   172 :  7.9200000e+01  6.8094229e+01 
   173 :  6.1200000e+01  6.8094229e+01 
   174 :  7.0200000e+01  7.0200000e+01 
   175 :  7.9200000e+01  7.7994229e+01 
   176 :  6.1200000e+01  7.7994229e+01 
   177 :  7.0200000e+01  8.0100000e+01 
   178 :  7.9200000e+01  8.7894229e+01 
   179 :  6.1200000e+01  8.7894229e+01 
   180 :  8.1900000e+01  8.6942286e+00 
   181 :  9.0900000e+01  9.0000000e-01 
   182 :  7.2900000e+01  9.0000000e-01 
   183 :  8.1900000e+01  1.8594229e+01 
   184 :  9.0900000e+01  1.0800000e+01 
   185 :  7.2900000e+01  1.0800000e+01 
   186 :  8.1900000e+01  2.8494229e+01 
   187 :  9.0900000e+01  2.0700000e+01 
   188 :  7.2900000e+01  2.0700000e+01 
   189 :  8.1900000e+01  3.8394229e+01 
   190 :  9.0900000e+01  3.0600000e+01 
   191 :  7.2900000e+01  3.0600000e+01 
   192 :  8.1900000e+01  4.8294229e+01 
   193 :  9.0900000e+01  4.0500000e+01 
   194 :  7.2900000e+01  4.0500000e+01 
   195 :  8.1900000e+01  5.8194229e+01 
   196 :  9.0900000e+01  5.0400000e+01 
   197 :  7.2900000e+01  5.0400000e+01 
   198 :  8.1900000e+01  6.8094229e+01 
   199 :  9.0900000e+01  6.0300000e+01 
   200 :  7.2900000e+01  6.0300000e+01 
   201 :  8.1900000e+01  7.7994229e+01 
   202 :  9.0900000e+01  7.0200000e+01 
   203 :  7.2900000e+01  7.0200000e+01 
   204 :  8.1900000e+01  8.7894229e+01 
   205 :  9.0900000e+01  8.0100000e+01 
   206 :  7.2900000e+01  8.0100000e+01 
   207 :  9.3600000e+01  9.0000000e-01 
   208 :  1.0260000e+02  8.6942286e+00 
   209 :  8.4600000e+01  8.6942286e+00 
   210 :  9.3600000e+01  1.0800000e+01 
   211 :  1.0260000e+02  1.8594229e+01 
   212 :  8.4600000e+01  1.8594229e+01 
   213 :  9.3600000e+01  2.0700000e+01 
   214 :  1.0260000e+02  2.8494229e+01 
   215 :  8.4600000e+01  2.8494229e+01 
   216 :  9.3600000e+01  3.0600000e+01 
   217 :  1.0260000e+02  3.8394229e+01 
   218 :  8.4600000e+01  3.8394229e+01 
   219 :  9.3600000e+01  4.0500000e+01 
   220 :  1.0260000e+02  4.8294229e+01 
   221 :  8.4600000e+01  4.8294229e+01 
   222 :  9.3600000e+01  5.0400000e+01 
   223 :  1.0260000e+02  5.8194229e+01 
   224 :  8.4600000e+01  5.8194229e+01 
   225 :  9.3600000e+01  6.0300000e+01 
   226 :  1.0260000e+02  6.8094229e+01 
   227 :  8.4600000e+01  6.8094229e+01 
   228 :  9.3600000e+01  7.0200000e+01 
   229 :  1.0260000e+02  7.7994229e+01 
   230 :  8.4600000e+01  7.7994229e+01 
   231 :  9.3600000e+01  8.0100000e+01 
   232 :  1.0260000e+02  8.7894229e+01 
   233 :  8.4600000e+01  8.7894229e+01 
   234 :  1.0530000e+02  8.6942286e+00 
   235 :  1.1430000e+02  9.0000000e-01 
   236 :  9.6300000e+01  9.0000000e-01 
   237 :  1.0530000e+02  1.8594229e+01 
   238 :  1.1430000e+02  1.0800000e+01 
   239 :  9.6300000e+01  1.0800000e+01 
   240 :  1.0530000e+02  2.8494229e+01 
   241 :  1.1430000e+02  2.0700000e+01 
   242 :  9.6300000e+01  2.0700000e+01 
   243 :  1.0530000e+02  3.8394229e+01 
   244 :  1.1430000e+02  3.0600000e+01 
   245 :  9.6300000e+01  3.0600000e+01 
   246 :  1.0530000e+02  4.8294229e+01 
   247 :  1.1430000e+02  4.0500000e+01 
   248 :  9.6300000e+01  4.0500000e+01 
   249 :  1.0530000e+02  5.8194229e+01 
   250 :  1.1430000e+02  5.0400000e+01 
   251 :  9.6300000e+01  5.0400000e+01 
   252 :  1.0530000e+02  6.8094229e+01 
   253 :  1.1430000e+02  6.0300000e+01 
   254 :  9.6300000e+01  6.0300000e+01 
   255 :  1.0530000e+02  7.7994229e+01 
   256 :  1.1430000e+02  7.0200000e+01 
   257 :  9.6300000e+01  7.0200000e+01 
   258 :  1.0530000e+02  8.7894229e+01 
   259 :  1.1430000e+02  8.0100000e+01 
   260 :  9.6300000e+01  8.0100000e+01 
   261 :  1.1700000e+02  9.0000000e-01 
   262 :  1.2600000e+02  8.6942286e+00 
   263 :  1.0800000e+02  8.6942286e+00 
   264 :  1.1700000e+02  1.0800000e+01 
   265 :  1.2600000e+02  1.8594229e+01 
   266 :  1.0800000e+02  1.8594229e+01 
   267 :  1.1700000e+02  2.0700000e+01 
   268 :  1.2600000e+02  2.8494229e+01 
   269 :  1.0800000e+02  2.8494229e+01 
   270 :  1.1700000e+02  3.0600000e+01 
   271 :  1.2600000e+02  3.8394229e+01 
   272 :  1.0800000e+02  3.8394229e+01 
   273 :  1.1700000e+02  4.0500000e+01 
   274 :  1.2600000e+02  4.8294229e+01 
   275 :  1.0800000e+02  4.8294229e+01 
   276 :  1.1700000e+02  5.0400000e+01 
   277 :  1.2600000e+02  5.8194229e+01 
   278 :  1.0800000e+02  5.8194229e+01 
   279 :  1.1700000e+02  6.0300000e+01 
   280 :  1.2600000e+02  6.8094229e+01 
   281 :  1.0800000e+02  6.8094229e+01 
   282 :  1.1700000e+02  7.0200000e+01 
   283 :  1.2600000e+02  7.7994229e+01 
   284 :  1.0800000e+02  7.7994229e+01 
   285 :  1.1700000e+02  8.0100000e+01 
   286 :  1.2600000e+02  8.7894229e+01 
   287 :  1.0800000e+02  8.7894229e+01 
   288 :  0.0000000e+00  0.0000000e+00 
   289 :  0.0000000e+00  8.6942286e+00 
   290 :  0.0000000e+00  1.8594229e+01 
   291 :  0.0000000e+00  2.8494229e+01 
   292 :  0.0000000e+00  3.8394229e+01 
   293 :  0.0000000e+00  4.8294229e+01 
   294 :  0.0000000e+00  5.8194229e+01 
   295 :  0.0000000e+00  6.8094229e+01 
   296 :  0.0000000e+00  7.7994229e+01 
   297 :  0.0000000e+00  8.7894229e+01 
   298 :  0.0000000e+00  9.0000000e+01 
   299 :  1.2690000e+02  9.0000000e+01 
   300 :  1.2690000e+02  8.6335383e+01 
   301 :  1.1970000e+02  8.0100000e+01 
   302 :  1.2690000e+02  8.0100000e+01 
   303 :  1.2690000e+02  7.6435383e+01 
   304 :  1.1970000e+02  7.0200000e+01 
   305 :  1.2690000e+02  7.0200000e+01 
   306 :  1.2690000e+02  6.6535383e+01 
   307 :  1.1970000e+02  6.0300000e+01 
   308 :  1.2690000e+02  6.0300000e+01 
   309 :  1.2690000e+02  5.6635383e+01 
   310 :  1.1970000e+02  5.0400000e+01 
   311 :  1.2690000e+02  5.0400000e+01 
   312 :  1.2690000e+02  4.6735383e+01 
   313 :  1.1970000e+02  4.0500000e+01 
   314 :  1.2690000e+02  4.0500000e+01 
   315 :  1.2690000e+02  3.6835383e+01 
   316 :  1.1970000e+02  3.0600000e+01 
   317 :  1.2690000e+02  3.0600000e+01 
   318 :  1.2690000e+02  2.6935383e+01 
   319 :  1.1970000e+02  2.0700000e+01 
   320 :  1.2690000e+02  2.0700000e+01 
   321 :  1.2690000e+02  1.7035383e+01 
   322 :  1.1970000e+02  1.0800000e+01 
   323 :  1.2690000e+02  1.0800000e+01 
   324 :  1.2690000e+02  7.1353829e+00 
   325 :  1.1970000e+02  9.0000000e-01 
   326 :  1.2690000e+02  9.0000000e-01 
   327 :  1.2690000e+02  0.0000000e+00 
   328 :  4.5000000e+00  4.7971143e+00 
   329 :  4.5000000e+00  1.4697114e+01 
   330 :  4.5000000e+00  2.4597114e+01 
   331 :  4.5000000e+00  3.4497114e+01 
   332 :  4.5000000e+00  4.4397114e+01 
   333 :  4.5000000e+00  5.4297114e+01 
   334 :  4.5000000e+00  6.4197114e+01 
   335 :  4.5000000e+00  7.4097114e+01 
   336 :  4.5000000e+00  8.3997114e+01 
   337 :  1.6200000e+01  4.7971143e+00 
   338 :  1.1700000e+01  9.0000000e-01 
   339 :  7.2000000e+00  4.7971143e+00 
   340 :  1.6200000e+01  1.4697114e+01 
   341 :  1.1700000e+01  1.0800000e+01 
   342 :  7.2000000e+00  1.4697114e+01 
   343 :  1.6200000e+01  2.4597114e+01 
   344 :  1.1700000e+01  2.0700000e+01 
   345 :  7.2000000e+00  2.4597114e+01 
   346 :  1.6200000e+01  3.4497114e+01 
   347 :  1.1700000e+01  3.0600000e+01 
   348 :  7.2000000e+00  3.4497114e+01 
   349 :  1.6200000e+01  4.4397114e+01 
   350 :  1.1700000e+01  4.0500000e+01 
   351 :  7.2000000e+00  4.4397114e+01 
   352 :  1.6200000e+01  5.4297114e+01 
   353 :  1.1700000e+01  5.0400000e+01 
   354 :  7.2000000e+00  5.4297114e+01 
   355 :  1.6200000e+01  6.4197114e+01 
   356 :  1.1700000e+01  6.0300000e+01 
   357 :  7.2000000e+00  6.4197114e+01 
   358 :  1.6200000e+01  7.4097114e+01 
   359 :  1.1700000e+01  7.0200000e+01 
   360 :  7.2000000e+00  7.4097114e+01 
   361 :  1.6200000e+01  8.3997114e+01 
   362 :  1.1700000e+01  8.0100000e+01 
   363 :  7.2000000e+00  8.3997114e+01 
   364 :  2.7900000e+01  4.7971143e+00 
   365 :  2.3400000e+01  8.6942286e+00 
   366 :  1.8900000e+01  4.7971143e+00 
   367 :  2.7900000e+01  1.4697114e+01 
   368 :  2.3400000e+01  1.8594229e+01 
   369 :  1.8900000e+01  1.4697114e+01 
   370 :  2.7900000e+01  2.4597114e+01 
   371 :  2.3400000e+01  2.8494229e+01 
   372 :  1.8900000e+01  2.4597114e+01 
   373 :  2.7900000e+01  3.4497114e+01 
   374 :  2.3400000e+01  3.8394229e+01 
   375 :  1.8900000e+01  3.4497114e+01 
   376 :  2.7900000e+01  4.4397114e+01 
   377 :  2.3400000e+01  4.8294229e+01 
   378 :  1.8900000e+01  4.4397114e+01 
   379 :  2.7900000e+01  5.4297114e+01 
   380 :  2.3400000e+01  5.8194229e+01 
   381 :  1.8900000e+01  5.4297114e+01 
   382 :  2.7900000e+01  6.4197114e+01 
   383 :  2.3400000e+01  6.8094229e+01 
   384 :  1.8900000e+01  6.4197114e+01 
   385 :  2.7900000e+01  7.4097114e+01 
   386 :  2.3400000e+01  7.7994229e+01 
   387 :  1.8900000e+01  7.4097114e+01 
   388 :  2.7900000e+01  8.3997114e+01 
   389 :  2.3400000e+01  8.7894229e+01 
   390 :  1.8900000e+01  8.3997114e+01 
   391 :  3.9600000e+01  4.7971143e+00 
   392 :  3.5100000e+01  9.0000000e-01 
   393 :  3.0600000e+01  4.7971143e+00 
   394 :  3.9600000e+01  1.4697114e+01 
   395 :  3.5100000e+01  1.0800000e+01 
   396 :  3.0600000e+01  1.4697114e+01 
   397 :  3.9600000e+01  2.4597114e+01 
   398 :  3.5100000e+01  2.0700000e+01 
   399 :  3.0600000e+01  2.4597114e+01 
   400 :  3.9600000e+01  3.4497114e+01 
   401 :  3.5100000e+01  3.0600000e+01 
   402 :  3.0600000e+01  3.4497114e+01 
   403 :  3.9600000e+01  4.4397114e+01 
   404 :  3.5100000e+01  4.0500000e+01 
   405 :  3.0600000e+01  4.4397114e+01 
   406 :  3.9600000e+01  5.4297114e+01 
   407 :  3.5100000e+01  5.0400000e+01 
   408 :  3.0600000e+01  5.4297114e+01 
   409 :  3.9600000e+01  6.4197114e+01 
   410 :  3.5100000e+01  6.0300000e+01 
   411 :  3.0600000e+01  6.4197114e+01 
   412 :  3.9600000e+01  7.4097114e+01 
   413 :  3.5100000e+01  7.0200000e+01 
   414 :  3.0600000e+01  7.4097114e+01 
   415 :  3.9600000e+01  8.3997114e+01 
   416 :  3.5100000e+01  8.0100000e+01 
   417 :  3.0600000e+01  8.3997114e+01 
   418 :  5.1300000e+01  4.7971143e+00 
   419 :  4.6800000e+01  8.6942286e+00 
   420 :  4.2300000e+01  4.7971143e+00 
   421 :  5.1300000e+01  1.4697114e+01 
   422 :  4.6800000e+01  1.8594229e+01 
   423 :  4.2300000e+01  1.4697114e+01 
   424 :  5.1300000e+01  2.4597114e+01 
   425 :  4.6800000e+01  2.8494229e+01 
   426 :  4.2300000e+01  2.4597114e+01 
   427 :  5.1300000e+01  3.4497114e+01 
   428 :  4.6800000e+01  3.8394229e+01 
   429 :  4.2300000e+01  3.4497114e+01 
   430 :  5.1300000e+01  4.4397114e+01 
   431 :  4.6800000e+01  4.8294229e+01 
   432 :  4.2300000e+01  4.4397114e+01 
   433 :  5.1300000e+01  5.4297114e+01 
   434 :  4.6800000e+01  5.8194229e+01 
   435 :  4.2300000e+01  5.4297114e+01 
   436 :  5.1300000e+01  6.4197114e+01 
   437 :  4.6800000e+01  6.8094229e+01 
   438 :  4.2300000e+01  6.4197114e+01 
   439 :  5.1300000e+01  7.4097114e+01 
   440 :  4.6800000e+01  7.7994229e+01 
   441 :  4.2300000e+01  7.4097114e+01 
   442 :  5.1300000e+01  8.3997114e+01 
   443 :  4.6800000e+01  8.7894229e+01 
   444 :  4.2300000e+01  8.3997114e+01 
   445 :  6.3000000e+01  4.7971143e+00 
   446 :  5.8500000e+01  9.0000000e-01 
   447 :  5.4000000e+01  4.7971143e+00 
   448 :  6.3000000e+01  1.4697114e+01 
   449 :  5.8500000e+01  1.0800000e+01 
   450 :  5.4000000e+01  1.4697114e+01 
   451 :  6.3000000e+01  2.4597114e+01 
   452 :  5.8500000e+01  2.0700000e+01 
   453 :  5.4000000e+01  2.4597114e+01 
   454 :  6.3000000e+01  3.4497114e+01 
   455 :  5.8500000e+01  3.0600000e+01 
   456 :  5.4000000e+01  3.4497114e+01 
   457 :  6.3000000e+01  4.4397114e+01 
   458 :  5.8500000e+01  4.0500000e+01 
   459 :  5.4000000e+01  4.4397114e+01 
   460 :  6.3000000e+01  5.4297114e+01 
   461 :  5.8500000e+01  5.0400000e+01 
   462 :  5.4000000e+01  5.4297114e+01 
   463 :  6.3000000e+01  6.4197114e+01 
   464 :  5.8500000e+01  6.0300000e+01 
   465 :  5.4000000e+01  6.4197114e+01 
   466 :  6.3000000e+01  7.4097114e+01 
   467 :  5.8500000e+01  7.0200000e+01 
   468 :  5.4000000e+01  7.4097114e+01 
   469 :  6.3000000e+01  8.3997114e+01 
   470 :  5.8500000e+01  8.0100000e+01 
   471 :  5.4000000e+01  8.3997114e+01 
   472 :  7.4700000e+01  4.7971143e+00 
   473 :  7.0200000e+01  8.6942286e+00 
   474 :  6.5700000e+01  4.7971143e+00 
   475 :  7.4700000e+01  1.4697114e+01 
   476 :  7.0200000e+01  1.8594229e+01 
   477 :  6.5700000e+01  1.4697114e+01 
   478 :  7.4700000e+01  2.4597114e+01 
   479 :  7.0200000e+01  2.8494229e+01 
   480 :  6.5700000e+01  2.4597114e+01 
   481 :  7.4700000e+01  3.4497114e+01 
   482 :  7.0200000e+01  3.8394229e+01 
   483 :  6.5700000e+01  3.4497114e+01 
   484 :  7.4700000e+01  4.4397114e+01 
   485 :  7.0200000e+01  4.8294229e+01 
   486 :  6.5700000e+01  4.4397114e+01 
   487 :  7.4700000e+01  5.4297114e+01 
   488 :  7.0200000e+01  5.8194229e+01 
   489 :  6.5700000e+01  5.4297114e+01 
   490 :  7.4700000e+01  6.4197114e+01 
   491 :  7.0200000e+01  6.8094229e+01 
   492 :  6.5700000e+01  6.4197114e+01 
   493 :  7.4700000e+01  7.4097114e+01 
   494 :  7.0200000e+01  7.7994229e+01 
   495 :  6.5700000e+01  7.4097114e+01 
   496 :  7.4700000e+01  8.3997114e+01 
   497 :  7.0200000e+01  8.7894229e+01 
   498 :  6.5700000e+01  8.3997114e+01 
   499 :  8.6400000e+01  4.7971143e+00 
   500 :  8.1900000e+01  9.0000000e-01 
   501 :  7.7400000e+01  4.7971143e+00 
   502 :  8.6400000e+01  1.4697114e+01 
   503 :  8.1900000e+01  1.0800000e+01 
   504 :  7.7400000e+01  1.4697114e+01 
   505 :  8.6400000e+01  2.4597114e+01 
   506 :  8.1900000e+01  2.0700000e+01 
   507 :  7.7400000e+01  2.4597114e+01 
   508 :  8.6400000e+01  3.4497114e+01 
   509 :  8.1900000e+01  3.0600000e+01 
   510 :  7.7400000e+01  3.4497114e+01 
   511 :  8.6400000e+01  4.4397114e+01 
   512 :  8.1900000e+01  4.0500000e+01 
   513 :  7.7400000e+01  4.4397114e+01 
   514 :  8.6400000e+01  5.4297114e+01 
   515 :  8.1900000e+01  5.0400000e+01 
   516 :  7.7400000e+01  5.4297114e+01 
   517 :  8.6400000e+01  6.4197114e+01 
   518 :  8.1900000e+01  6.0300000e+01 
   519 :  7.7400000e+01  6.4197114e+01 
   520 :  8.6400000e+01  7.4097114e+01 
   521 :  8.1900000e+01  7.0200000e+01 
   522 :  7.7400000e+01  7.4097114e+01 
   523 :  8.6400000e+01  8.3997114e+01 
   524 :  8.1900000e+01  8.0100000e+01 
   525 :  7.7400000e+01  8.3997114e+01 
   526 :  9.8100000e+01  4.7971143e+00 
   527 :  9.3600000e+01  8.6942286e+00 
   528 :  8.9100000e+01  4.7971143e+00 
   529 :  9.8100000e+01  1.4697114e+01 
   530 :  9.3600000e+01  1.8594229e+01 
   531 :  8.9100000e+01  1.4697114e+01 
   532 :  9.8100000e+01  2.4597114e+01 
   533 :  9.3600000e+01  2.8494229e+01 
   534 :  8.9100000e+01  2.4597114e+01 
   535 :  9.8100000e+01  3.4497114e+01 
   536 :  9.3600000e+01  3.8394229e+01 
   537 :  8.9100000e+01  3.4497114e+01 
   538 :  9.8100000e+01  4.4397114e+01 
   539 :  9.3600000e+01  4.8294229e+01 
   540 :  8.9100000e+01  4.4397114e+01 
   541 :  9.8100000e+01  5.4297114e+01 
   542 :  9.3600000e+01  5.8194229e+01 
   543 :  8.9100000e+01  5.4297114e+01 
   544 :  9.8100000e+01  6.4197114e+01 
   545 :  9.3600000e+01  6.8094229e+01 
   546 :  8.9100000e+01  6.4197114e+01 
   547 :  9.8100000e+01  7.4097114e+01 
   548 :  9.3600000e+01  7.7994229e+01 
   549 :  8.9100000e+01  7.4097114e+01 
   550 :  9.8100000e+01  8.3997114e+01 
   551 :  9.3600000e+01  8.7894229e+01 
   552 :  8.9100000e+01  8.3997114e+01 
   553 :  1.0980000e+02  4.7971143e+00 
   554 :  1.0530000e+02  9.0000000e-01 
   555 :  1.0080000e+02  4.7971143e+00 
   556 :  1.0980000e+02  1.4697114e+01 
   557 :  1.0530000e+02  1.0800000e+01 
   558 :  1.0080000e+02  1.4697114e+01 
   559 :  1.0980000e+02  2.4597114e+01 
   560 :  1.0530000e+02  2.0700000e+01 
   561 :  1.0080000e+02  2.4597114e+01 
   562 :  1.0980000e+02  3.4497114e+01 
   563 :  1.0530000e+02  3.0600000e+01 
   564 :  1.0080000e+02  3.4497114e+01 
   565 :  1.0980000e+02  4.4397114e+01 
   566 :  1.0530000e+02  4.0500000e+01 
   567 :  1.0080000e+02  4.4397114e+01 
   568 :  1.0980000e+02  5.4297114e+01 
   569 :  1.0530000e+02  5.0400000e+01 
   570 :  1.0080000e+02  5.4297114e+01 
   571 :  1.0980000e+02  6.4197114e+01 
   572 :  1.0530000e+02  6.0300000e+01 
   573 :  1.0080000e+02  6.4197114e+01 
   574 :  1.0980000e+02  7.4097114e+01 
   575 :  1.0530000e+02  7.0200000e+01 
   576 :  1.0080000e+02  7.4097114e+01 
   577 :  1.0980000e+02  8.3997114e+01 
   578 :  1.0530000e+02  8.0100000e+01 
   579 :  1.0080000e+02  8.3997114e+01 
   580 :  1.2150000e+02  4.7971143e+00 
   581 :  1.1700000e+02  8.6942286e+00 
   582 :  1.1250000e+02  4.7971143e+00 
   583 :  1.2150000e+02  1.4697114e+01 
   584 :  1.1700000e+02  1.8594229e+01 
   585 :  1.1250000e+02  1.4697114e+01 
   586 :  1.2150000e+02  2.4597114e+01 
   587 :  1.1700000e+02  2.8494229e+01 
   588 :  1.1250000e+02  2.4597114e+01 
   589 :  1.2150000e+02  3.4497114e+01 
   590 :  1.1700000e+02  3.8394229e+01 
   591 :  1.1250000e+02  3.4497114e+01 
   592 :  1.2150000e+02  4.4397114e+01 
   593 :  1.1700000e+02  4.8294229e+01 
   594 :  1.1250000e+02  4.4397114e+01 
   595 :  1.2150000e+02  5.4297114e+01 
   596 :  1.1700000e+02  5.8194229e+01 
   597 :  1.1250000e+02  5.4297114e+01 
   598 :  1.2150000e+02  6.4197114e+01 
   599 :  1.1700000e+02  6.8094229e+01 
   600 :  1.1250000e+02  6.4197114e+01 
   601 :  1.2150000e+02  7.4097114e+01 
   602 :  1.1700000e+02  7.7994229e+01 
   603 :  1.1250000e+02  7.4097114e+01 
   604 :  1.2150000e+02  8.3997114e+01 
   605 :  1.1700000e+02  8.7894229e+01 
   606 :  1.1250000e+02  8.3997114e+01 
   607 :  1.1632500e+02  9.0000000e+01 
   608 :  1.0575000e+02  9.0000000e+01 
   609 :  9.5175000e+01  9.0000000e+01 
   610 :  8.4600000e+01  9.0000000e+01 
   611 :  7.4025000e+01  9.0000000e+01 
   612 :  6.3450000e+01  9.0000000e+01 
   613 :  5.2875000e+01  9.0000000e+01 
   614 :  4.2300000e+01  9.0000000e+01 
   615 :  3.1725000e+01  9.0000000e+01 
   616 :  2.1150000e+01  9.0000000e+01 
   617 :  1.0575000e+01  9.0000000e+01 
   618 :  1.0575000e+01  0.0000000e+00 
   619 :  2.1150000e+01  0.0000000e+00 
   620 :  3.1725000e+01  0.0000000e+00 
   621 :  4.2300000e+01  0.0000000e+00 
   622 :  5.2875000e+01  0.0000000e+00 
   623 :  6.3450000e+01  0.0000000e+00 
   624 :  7.4025000e+01  0.0000000e+00 
   625 :  8.4600000e+01  0.0000000e+00 
   626 :  9.5175000e+01  0.0000000e+00 
   627 :  1.0575000e+02  0.0000000e+00 
   628 :  1.1632500e+02  0.0000000e+00 
Number of edges 629 
     0 :      0    328 
     1 :    328      1 
     2 :      2    329 
     3 :    329      3 
     4 :      4    330 
     5 :    330      5 
     6 :      6    331 
     7 :    331      7 
     8 :      8    332 
     9 :    332      9 
    10 :     10    333 
    11 :    333     11 
    12 :     12    334 
    13 :    334     13 
    14 :     14    335 
    15 :    335     15 
    16 :     16    336 
    17 :    336     17 
    18 :     18    337 
    19 :    337     19 
    20 :     19    338 
    21 :    338     20 
    22 :     20    339 
    23 :    339     18 
    24 :     21    340 
    25 :    340     22 
    26 :     22    341 
    27 :    341     23 
    28 :     23    342 
    29 :    342     21 
    30 :     24    343 
    31 :    343     25 
    32 :     25    344 
    33 :    344     26 
    34 :     26    345 
    35 :    345     24 
    36 :     27    346 
    37 :    346     28 
    38 :     28    347 
    39 :    347     29 
    40 :     29    348 
    41 :    348     27 
    42 :     30    349 
    43 :    349     31 
    44 :     31    350 
    45 :    350     32 
    46 :     32    351 
    47 :    351     30 
    48 :     33    352 
    49 :    352     34 
    50 :     34    353 
    51 :    353     35 
    52 :     35    354 
    53 :    354     33 
    54 :     36    355 
    55 :    355     37 
    56 :     37    356 
    57 :    356     38 
    58 :     38    357 
    59 :    357     36 
    60 :     39    358 
    61 :    358     40 
    62 :     40    359 
    63 :    359     41 
    64 :     41    360 
    65 :    360     39 
    66 :     42    361 
    67 :    361     43 
    68 :     43    362 
    69 :    362     44 
    70 :     44    363 
    71 :    363     42 
    72 :     45    364 
    73 :    364     46 
    74 :     46    365 
    75 :    365     47 
    76 :     47    366 
    77 :    366     45 
    78 :     48    367 
    79 :    367     49 
    80 :     49    368 
    81 :    368     50 
    82 :     50    369 
    83 :    369     48 
    84 :     51    370 
    85 :    370     52 
    86 :     52    371 
    87 :    371     53 
    88 :     53    372 
    89 :    372     51 
    90 :     54    373 
    91 :    373     55 
    92 :     55    374 
    93 :    374     56 
    94 :     56    375 
    95 :    375     54 
    96 :     57    376 
    97 :    376     58 
    98 :     58    377 
    99 :    377     59 
   100 :     59    378 
   101 :    378     57 
   102 :     60    379 
   103 :    379     61 
   104 :     61    380 
   105 :    380     62 
   106 :     62    381 
   107 :    381     60 
   108 :     63    382 
   109 :    382     64 
   110 :     64    383 
   111 :    383     65 
   112 :     65    384 
   113 :    384     63 
   114 :     66    385 
   115 :    385     67 
   116 :     67    386 
   117 :    386     68 
   118 :     68    387 
   119 :    387     66 
   120 :     69    388 
   121 :    388     70 
   122 :     70    389 
   123 :    389     71 
   124 :     71    390 
   125 :    390     69 
   126 :     72    391 
   127 :    391     73 
   128 :     73    392 
   129 :    392     74 
   130 :     74    393 
   131 :    393     72 
   132 :     75    394 
   133 :    394     76 
   134 :     76    395 
   135 :    395     77 
   136 :     77    396 
   137 :    396     75 
   138 :     78    397 
   139 :    397     79 
   140 :     79    398 
   141 :    398     80 
   142 :     80    399 
   143 :    399     78 
   144 :     81    400 
   145 :    400     82 
   146 :     82    401 
   147 :    401     83 
   148 :     83    402 
   149 :    402     81 
   150 :     84    403 
   151 :    403     85 
   152 :     85    404 
   153 :    404     86 
   154 :     86    405 
   155 :    405     84 
   156 :     87    406 
   157 :    406     88 
   158 :     88    407 
   159 :    407     89 
   160 :     89    408 
   161 :    408     87 
   162 :     90    409 
   163 :    409     91 
   164 :     91    410 
   165 :    410     92 
   166 :     92    411 
   167 :    411     90 
   168 :     93    412 
   169 :    412     94 
   170 :     94    413 
   171 :    413     95 
   172 :     95    414 
   173 :    414     93 
   174 :     96    415 
   175 :    415     97 
   176 :     97    416 
   177 :    416     98 
   178 :     98    417 
   179 :    417     96 
   180 :     99    418 
   181 :    418    100 
   182 :    100    419 
   183 :    419    101 
   184 :    101    420 
   185 :    420     99 
   186 :    102    421 
   187 :    421    103 
   188 :    103    422 
   189 :    422    104 
   190 :    104    423 
   191 :    423    102 
   192 :    105    424 
   193 :    424    106 
   194 :    106    425 
   195 :    425    107 
   196 :    107    426 
   197 :    426    105 
   198 :    108    427 
   199 :    427    109 
   200 :    109    428 
   201 :    428    110 
   202 :    110    429 
   203 :    429    108 
   204 :    111    430 
   205 :    430    112 
   206 :    112    431 
   207 :    431    113 
   208 :    113    432 
   209 :    432    111 
   210 :    114    433 
   211 :    433    115 
   212 :    115    434 
   213 :    434    116 
   214 :    116    435 
   215 :    435    114 
   216 :    117    436 
   217 :    436    118 
   218 :    118    437 
   219 :    437    119 
   220 :    119    438 
   221 :    438    117 
   222 :    120    439 
   223 :    439    121 
   224 :    121    440 
   225 :    440    122 
   226 :    122    441 
   227 :    441    120 
   228 :    123    442 
   229 :    442    124 
   230 :    124    443 
   231 :    443    125 
   232 :    125    444 
   233 :    444    123 
   234 :    126    445 
   235 :    445    127 
   236 :    127    446 
   237 :    446    128 
   238 :    128    447 
   239 :    447    126 
   240 :    129    448 
   241 :    448    130 
   242 :    130    449 
   243 :    449    131 
   244 :    131    450 
   245 :    450    129 
   246 :    132    451 
   247 :    451    133 
   248 :    133    452 
   249 :    452    134 
   250 :    134    453 
   251 :    453    132 
   252 :    135    454 
   253 :    454    136 
   254 :    136    455 
   255 :    455    137 
   256 :    137    456 
   257 :    456    135 
   258 :    138    457 
   259 :    457    139 
   260 :    139    458 
   261 :    458    140 
   262 :    140    459 
   263 :    459    138 
   264 :    141    460 
   265 :    460    142 
   266 :    142    461 
   267 :    461    143 
   268 :    143    462 
   269 :    462    141 
   270 :    144    463 
   271 :    463    145 
   272 :    145    464 
   273 :    464    146 
   274 :    146    465 
   275 :    465    144 
   276 :    147    466 
   277 :    466    148 
   278 :    148    467 
   279 :    467    149 
   280 :    149    468 
   281 :    468    147 
   282 :    150    469 
   283 :    469    151 
   284 :    151    470 
   285 :    470    152 
   286 :    152    471 
   287 :    471    150 
   288 :    153    472 
   289 :    472    154 
   290 :    154    473 
   291 :    473    155 
   292 :    155    474 
   293 :    474    153 
   294 :    156    475 
   295 :    475    157 
   296 :    157    476 
   297 :    476    158 
   298 :    158    477 
   299 :    477    156 
   300 :    159    478 
   301 :    478    160 
   302 :    160    479 
   303 :    479    161 
   304 :    161    480 
   305 :    480    159 
   306 :    162    481 
   307 :    481    163 
   308 :    163    482 
   309 :    482    164 
   310 :    164    483 
   311 :    483    162 
   312 :    165    484 
   313 :    484    166 
   314 :    166    485 
   315 :    485    167 
   316 :    167    486 
   317 :    486    165 
   318 :    168    487 
   319 :    487    169 
   320 :    169    488 
   321 :    488    170 
   322 :    170    489 
   323 :    489    168 
   324 :    171    490 
   325 :    490    172 
   326 :    172    491 
   327 :    491    173 
   328 :    173    492 
   329 :    492    171 
   330 :    174    493 
   331 :    493    175 
   332 :    175    494 
   333 :    494    176 
   334 :    176    495 
   335 :    495    174 
   336 :    177    496 
   337 :    496    178 
   338 :    178    497 
   339 :    497    179 
   340 :    179    498 
   341 :    498    177 
   342 :    180    499 
   343 :    499    181 
   344 :    181    500 
   345 :    500    182 
   346 :    182    501 
   347 :    501    180 
   348 :    183    502 
   349 :    502    184 
   350 :    184    503 
   351 :    503    185 
   352 :    185    504 
   353 :    504    183 
   354 :    186    505 
   355 :    505    187 
   356 :    187    506 
   357 :    506    188 
   358 :    188    507 
   359 :    507    186 
   360 :    189    508 
   361 :    508    190 
   362 :    190    509 
   363 :    509    191 
   364 :    191    510 
   365 :    510    189 
   366 :    192    511 
   367 :    511    193 
   368 :    193    512 
   369 :    512    194 
   370 :    194    513 
   371 :    513    192 
   372 :    195    514 
   373 :    514    196 
   374 :    196    515 
   375 :    515    197 
   376 :    197    516 
   377 :    516    195 
   378 :    198    517 
   379 :    517    199 
   380 :    199    518 
   381 :    518    200 
   382 :    200    519 
   383 :    519    198 
   384 :    201    520 
   385 :    520    202 
   386 :    202    521 
   387 :    521    203 
   388 :    203    522 
   389 :    522    201 
   390 :    204    523 
   391 :    523    205 
   392 :    205    524 
   393 :    524    206 
   394 :    206    525 
   395 :    525    204 
   396 :    207    526 
   397 :    526    208 
   398 :    208    527 
   399 :    527    209 
   400 :    209    528 
   401 :    528    207 
   402 :    210    529 
   403 :    529    211 
   404 :    211    530 
   405 :    530    212 
   406 :    212    531 
   407 :    531    210 
   408 :    213    532 
   409 :    532    214 
   410 :    214    533 
   411 :    533    215 
   412 :    215    534 
   413 :    534    213 
   414 :    216    535 
   415 :    535    217 
   416 :    217    536 
   417 :    536    218 
   418 :    218    537 
   419 :    537    216 
   420 :    219    538 
   421 :    538    220 
   422 :    220    539 
   423 :    539    221 
   424 :    221    540 
   425 :    540    219 
   426 :    222    541 
   427 :    541    223 
   428 :    223    542 
   429 :    542    224 
   430 :    224    543 
   431 :    543    222 
   432 :    225    544 
   433 :    544    226 
   434 :    226    545 
   435 :    545    227 
   436 :    227    546 
   437 :    546    225 
   438 :    228    547 
   439 :    547    229 
   440 :    229    548 
   441 :    548    230 
   442 :    230    549 
   443 :    549    228 
   444 :    231    550 
   445 :    550    232 
   446 :    232    551 
   447 :    551    233 
   448 :    233    552 
   449 :    552    231 
   450 :    234    553 
   451 :    553    235 
   452 :    235    554 
   453 :    554    236 
   454 :    236    555 
   455 :    555    234 
   456 :    237    556 
   457 :    556    238 
   458 :    238    557 
   459 :    557    239 
   460 :    239    558 
   461 :    558    237 
   462 :    240    559 
   463 :    559    241 
   464 :    241    560 
   465 :    560    242 
   466 :    242    561 
   467 :    561    240 
   468 :    243    562 
   469 :    562    244 
   470 :    244    563 
   471 :    563    245 
   472 :    245    564 
   473 :    564    243 
   474 :    246    565 
   475 :    565    247 
   476 :    247    566 
   477 :    566    248 
   478 :    248    567 
   479 :    567    246 
   480 :    249    568 
   481 :    568    250 
   482 :    250    569 
   483 :    569    251 
   484 :    251    570 
   485 :    570    249 
   486 :    252    571 
   487 :    571    253 
   488 :    253    572 
   489 :    572    254 
   490 :    254    573 
   491 :    573    252 
   492 :    255    574 
   493 :    574    256 
   494 :    256    575 
   495 :    575    257 
   496 :    257    576 
   497 :    576    255 
   498 :    258    577 
   499 :    577    259 
   500 :    259    578 
   501 :    578    260 
   502 :    260    579 
   503 :    579    258 
   504 :    261    580 
   505 :    580    262 
   506 :    262    581 
   507 :    581    263 
   508 :    263    582 
   509 :    582    261 
   510 :    264    583 
   511 :    583    265 
   512 :    265    584 
   513 :    584    266 
   514 :    266    585 
   515 :    585    264 
   516 :    267    586 
   517 :    586    268 
   518 :    268    587 
   519 :    587    269 
   520 :    269    588 
   521 :    588    267 
   522 :    270    589 
   523 :    589    271 
   524 :    271    590 
   525 :    590    272 
   526 :    272    591 
   527 :    591    270 
   528 :    273    592 
   529 :    592    274 
   530 :    274    593 
   531 :    593    275 
   532 :    275    594 
   533 :    594    273 
   534 :    276    595 
   535 :    595    277 
   536 :    277    596 
   537 :    596    278 
   538 :    278    597 
   539 :    597    276 
   540 :    279    598 
   541 :    598    280 
   542 :    280    599 
   543 :    599    281 
   544 :    281    600 
   545 :    600    279 
   546 :    282    601 
   547 :    601    283 
   548 :    283    602 
   549 :    602    284 
   550 :    284    603 
   551 :    603    282 
   552 :    285    604 
   553 :    604    286 
   554 :    286    605 
   555 :    605    287 
   556 :    287    606 
   557 :    606    285 
   558 :      0    288 
   559 :      1    289 
   560 :      2    289 
   561 :      3    290 
   562 :      4    290 
   563 :      5    291 
   564 :      6    291 
   565 :      7    292 
   566 :      8    292 
   567 :      9    293 
   568 :     10    293 
   569 :     11    294 
   570 :     12    294 
   571 :     13    295 
   572 :     14    295 
   573 :     15    296 
   574 :     16    296 
   575 :     17    297 
   576 :    298    297 
   577 :    299    607 
   578 :    607    608 
   579 :    608    609 
   580 :    609    610 
   581 :    610    611 
   582 :    611    612 
   583 :    612    613 
   584 :    613    614 
   585 :    614    615 
   586 :    615    616 
   587 :    616    617 
   588 :    617    298 
   589 :    300    299 
   590 :    301    300 
   591 :    302    301 
   592 :    303    302 
   593 :    304    303 
   594 :    305    304 
   595 :    306    305 
   596 :    307    306 
   597 :    308    307 
   598 :    309    308 
   599 :    310    309 
   600 :    311    310 
   601 :    312    311 
   602 :    313    312 
   603 :    314    313 
   604 :    315    314 
   605 :    316    315 
   606 :    317    316 
   607 :    318    317 
   608 :    319    318 
   609 :    320    319 
   610 :    321    320 
   611 :    322    321 
   612 :    323    322 
   613 :    324    323 
   614 :    325    324 
   615 :    326    325 
   616 :    327    326 
   617 :    288    618 
   618 :    618    619 
   619 :    619    620 
   620 :    620    621 
   621 :    621    622 
   622 :    622    623 
   623 :    623    624 
   624 :    624    625 
   625 :    625    626 
   626 :    626    627 
   627 :    627    628 
   628 :    628    327 
Number of triangles 807 
     0 :    127    624    153
     1 :    622    128     99
     2 :    124    150    613
     3 :    621     99     73
     4 :    612    150    179
     5 :    153    624    182
     6 :    595    309    277
     7 :    598    306    280
     8 :    601    303    283
     9 :    604    300    286
    10 :    262    580    324
    11 :    318    268    586
    12 :    315    271    589
    13 :    312    274    592
    14 :    265    583    321
    15 :    617     42     71
    16 :    280    306    305
    17 :    283    303    302
    18 :    323    262    324
    19 :    320    265    321
    20 :    314    271    315
    21 :    311    274    312
    22 :    317    268    318
    23 :    277    309    308
    24 :    325    261    628
    25 :     70     96    615
    26 :    286    300    299
    27 :    258    608    232
    28 :    202    545    228
    29 :    205    548    231
    30 :    422    105     79
    31 :     48     22    365
    32 :     25    368     51
    33 :     40    383     66
    34 :     43    386     69
    35 :    404     55     81
    36 :    542    225    199
    37 :    431    114     88
    38 :    437    120     94
    39 :    440    123     97
    40 :    377     60     34
    41 :     76    419    102
    42 :    575    226    252
    43 :    578    229    255
    44 :     52     78    401
    45 :    350      7     27
    46 :     28    371     54
    47 :      3     21    344
    48 :     30    353      9
    49 :     36    359     13
    50 :     39    362     15
    51 :    581    264    238
    52 :     87    410     61
    53 :    109    135    458
    54 :     18    341      1
    55 :    347      5     24
    56 :    148    491    174
    57 :    177    151    494
    58 :    584    267    241
    59 :    587    270    244
    60 :    434    117     91
    61 :    208    234    557
    62 :    374     57     31
    63 :    380     63     37
    64 :     84    407     58
    65 :     90    413     64
    66 :     93    416     67
    67 :    138    461    112
    68 :    144    467    118
    69 :    147    470    121
    70 :    250    593    276
    71 :    253    596    279
    72 :    256    599    282
    73 :    259    602    285
    74 :    452    103    129
    75 :    211    237    560
    76 :    214    240    563
    77 :    220    246    569
    78 :     46     72    395
    79 :    485    168    142
    80 :    100    126    449
    81 :     33    356     11
    82 :    539    222    196
    83 :     49     75    398
    84 :    455    106    132
    85 :    425    108     82
    86 :    473    156    130
    87 :    221    515    192
    88 :    590    273    247
    89 :    527    210    184
    90 :    530    213    187
    91 :    141    464    115
    92 :    180    503    154
    93 :    183    506    157
    94 :    186    509    160
    95 :    189    512    163
    96 :    192    515    166
    97 :      4    290     26
    98 :    251    222    539
    99 :    572    223    249
   100 :    428    111     85
   101 :    293     35     10
   102 :    295     41     14
   103 :    296     44     16
   104 :    217    243    566
   105 :    476    159    133
   106 :    479    162    136
   107 :    482    165    139
   108 :    488    171    145
   109 :    209    503    180
   110 :    212    506    183
   111 :    533    216    190
   112 :    536    219    193
   113 :    473    185    156
   114 :    476    188    159
   115 :    485    197    168
   116 :    289     23      2
   117 :      6    291     29
   118 :    533    245    216
   119 :    215    509    186
   120 :    218    512    189
   121 :    224    518    195
   122 :    129    158    452
   123 :    144    173    467
   124 :    195    518    169
   125 :    254    225    542
   126 :    228    545    257
   127 :    231    548    260
   128 :    292     32      8
   129 :    294     38     12
   130 :    132    161    455
   131 :    172    198    521
   132 :    536    248    219
   133 :    135    164    458
   134 :    141    170    464
   135 :    521    198    227
   136 :    524    201    230
   137 :    404     81    110
   138 :    167    461    138
   139 :    176    470    147
   140 :    398     75    104
   141 :    113    407     84
   142 :    119    413     90
   143 :    122    416     93
   144 :     59    353     30
   145 :     65    359     36
   146 :     68    362     39
   147 :    395     72    101
   148 :    344     21     50
   149 :    530    242    213
   150 :    102    419    131
   151 :     78    107    401
   152 :     24     53    347
   153 :    479    191    162
   154 :    524    175    201
   155 :     47    341     18
   156 :     86     57    374
   157 :    527    239    210
   158 :    116    410     87
   159 :    174    491    203
   160 :    177    494    206
   161 :     56    350     27
   162 :     62    356     33
   163 :    431    143    114
   164 :    437    149    120
   165 :    440    152    123
   166 :    365     77     48
   167 :    377     89     60
   168 :    383     95     66
   169 :    386     98     69
   170 :    140    111    428
   171 :    449    126    155
   172 :    482    194    165
   173 :    488    200    171
   174 :    368     80     51
   175 :    371     83     54
   176 :    422    134    105
   177 :    137    108    425
   178 :    434    146    117
   179 :    380     92     63
   180 :    234    263    557
   181 :    237    266    560
   182 :    240    269    563
   183 :    246    275    569
   184 :    572    249    278
   185 :    575    252    281
   186 :    578    255    284
   187 :    243    272    566
   188 :    593    310    276
   189 :    319    267    584
   190 :    322    264    581
   191 :    316    270    587
   192 :    596    307    279
   193 :    599    304    282
   194 :    602    301    285
   195 :    313    273    590
   196 :    233    610    204
   197 :    287    608    258
   198 :     17     42    617
   199 :    626    236    207
   200 :    288     20      0
   201 :    628    261    235
   202 :     45     19    619
   203 :      0     20    328
   204 :      1    339     18
   205 :    289      1     23
   206 :      1    341     23
   207 :      2     23    329
   208 :      3    342     21
   209 :    290      3     26
   210 :      3    344     26
   211 :     26    330      4
   212 :     24      5    345
   213 :    291      5     29
   214 :      5    347     29
   215 :     29    331      6
   216 :     27      7    348
   217 :    292      7     32
   218 :      7    350     32
   219 :      8     32    332
   220 :     30      9    351
   221 :    293      9     35
   222 :      9    353     35
   223 :     10     35    333
   224 :     11    354     33
   225 :    294     11     38
   226 :     11    356     38
   227 :     12     38    334
   228 :     13    357     36
   229 :    295     13     41
   230 :     13    359     41
   231 :     14     41    335
   232 :     15    360     39
   233 :    296     15     44
   234 :     15    362     44
   235 :     16     44    336
   236 :     17    363     42
   237 :    298     17    617
   238 :     19    338    619
   239 :    618     20    288
   240 :    618    338     20
   241 :     47     22    341
   242 :     47    365     22
   243 :     50     25    344
   244 :     50    368     25
   245 :     25     51    372
   246 :     53     28    347
   247 :     53    371     28
   248 :     28     54    375
   249 :     56     31    350
   250 :     56    374     31
   251 :     31     57    378
   252 :     59     34    353
   253 :     59    377     34
   254 :     62     37    356
   255 :     62    380     37
   256 :     65     40    359
   257 :     65    383     40
   258 :     68     43    362
   259 :     68    386     43
   260 :    619     74     45
   261 :     46    393     72
   262 :    365     46     77
   263 :     46    395     77
   264 :     48     77    367
   265 :    368     49     80
   266 :     49    398     80
   267 :     51     80    370
   268 :    371     52     83
   269 :     52    401     83
   270 :     54     83    373
   271 :     81     55    402
   272 :    374     55     86
   273 :     55    404     86
   274 :     84     58    405
   275 :    377     58     89
   276 :     58    407     89
   277 :     60     89    379
   278 :     61    408     87
   279 :    380     61     92
   280 :     61    410     92
   281 :     63     92    382
   282 :     64    411     90
   283 :    383     64     95
   284 :     64    413     95
   285 :     66     95    385
   286 :     67    414     93
   287 :    386     67     98
   288 :     67    416     98
   289 :     69     98    388
   290 :     70    417     96
   291 :     71    389    616
   292 :     71    616    617
   293 :    621     73    392
   294 :    620    392     74
   295 :    620     74    619
   296 :    104     75    394
   297 :    101     76    395
   298 :    101    419     76
   299 :     76    102    423
   300 :    104     79    398
   301 :    104    422     79
   302 :     79    105    426
   303 :    110     81    400
   304 :    107     82    401
   305 :    107    425     82
   306 :     82    108    429
   307 :    113     84    403
   308 :    110     85    404
   309 :    110    428     85
   310 :     85    111    432
   311 :    113     88    407
   312 :    113    431     88
   313 :    116     91    410
   314 :    116    434     91
   315 :    119     94    413
   316 :    119    437     94
   317 :     96    125    615
   318 :    122     97    416
   319 :    122    440     97
   320 :    622     99    621
   321 :    419    100    131
   322 :    100    449    131
   323 :    129    103    450
   324 :    422    103    134
   325 :    103    452    134
   326 :    105    134    424
   327 :    132    106    453
   328 :    425    106    137
   329 :    106    455    137
   330 :    428    109    140
   331 :    109    458    140
   332 :    138    112    459
   333 :    431    112    143
   334 :    112    461    143
   335 :    114    143    433
   336 :    115    462    141
   337 :    434    115    146
   338 :    115    464    146
   339 :    117    146    436
   340 :    118    465    144
   341 :    437    118    149
   342 :    118    467    149
   343 :    120    149    439
   344 :    121    468    147
   345 :    440    121    152
   346 :    121    470    152
   347 :    123    152    442
   348 :    443    124    613
   349 :    125    443    614
   350 :    615    125    614
   351 :    155    126    445
   352 :    623    127    446
   353 :    127    623    624
   354 :    622    446    128
   355 :    155    130    449
   356 :    155    473    130
   357 :    158    133    452
   358 :    158    476    133
   359 :    161    136    455
   360 :    161    479    136
   361 :    164    139    458
   362 :    164    482    139
   363 :    167    142    461
   364 :    167    485    142
   365 :    170    145    464
   366 :    170    488    145
   367 :    173    148    467
   368 :    173    491    148
   369 :    613    150    612
   370 :    176    151    470
   371 :    176    494    151
   372 :    180    154    501
   373 :    473    154    185
   374 :    154    503    185
   375 :    156    185    475
   376 :    157    504    183
   377 :    476    157    188
   378 :    157    506    188
   379 :    159    188    478
   380 :    160    507    186
   381 :    479    160    191
   382 :    160    509    191
   383 :    162    191    481
   384 :    163    510    189
   385 :    482    163    194
   386 :    163    512    194
   387 :    165    194    484
   388 :    166    513    192
   389 :    485    166    197
   390 :    166    515    197
   391 :    168    197    487
   392 :    169    516    195
   393 :    488    169    200
   394 :    169    518    200
   395 :    171    200    490
   396 :    172    519    198
   397 :    491    172    203
   398 :    172    521    203
   399 :    201    175    522
   400 :    494    175    206
   401 :    175    524    206
   402 :    204    610    178
   403 :    497    178    611
   404 :    178    610    611
   405 :    179    497    612
   406 :    209    180    499
   407 :    181    626    207
   408 :    625    181    500
   409 :    181    625    626
   410 :    624    500    182
   411 :    209    184    503
   412 :    209    527    184
   413 :    212    187    506
   414 :    212    530    187
   415 :    215    190    509
   416 :    215    533    190
   417 :    218    193    512
   418 :    218    536    193
   419 :    221    196    515
   420 :    221    539    196
   421 :    196    222    543
   422 :    224    199    518
   423 :    224    542    199
   424 :    199    225    546
   425 :    230    201    520
   426 :    227    202    521
   427 :    227    545    202
   428 :    233    204    523
   429 :    230    205    524
   430 :    230    548    205
   431 :    207    236    526
   432 :    527    208    239
   433 :    208    557    239
   434 :    210    239    529
   435 :    530    211    242
   436 :    211    560    242
   437 :    213    242    532
   438 :    533    214    245
   439 :    214    563    245
   440 :    216    245    535
   441 :    536    217    248
   442 :    217    566    248
   443 :    219    248    538
   444 :    539    220    251
   445 :    220    569    251
   446 :    249    223    570
   447 :    542    223    254
   448 :    223    572    254
   449 :    252    226    573
   450 :    545    226    257
   451 :    226    575    257
   452 :    255    229    576
   453 :    548    229    260
   454 :    229    578    260
   455 :    258    232    579
   456 :    232    608    609
   457 :    627    235    554
   458 :    628    235    627
   459 :    554    236    627
   460 :    627    236    626
   461 :    263    238    557
   462 :    263    581    238
   463 :    266    241    560
   464 :    266    584    241
   465 :    241    267    588
   466 :    269    244    563
   467 :    269    587    244
   468 :    244    270    591
   469 :    272    247    566
   470 :    272    590    247
   471 :    247    273    594
   472 :    278    249    568
   473 :    275    250    569
   474 :    275    593    250
   475 :    281    252    571
   476 :    278    253    572
   477 :    278    596    253
   478 :    284    255    574
   479 :    281    256    575
   480 :    281    599    256
   481 :    287    258    577
   482 :    284    259    578
   483 :    284    602    259
   484 :    325    580    261
   485 :    581    262    322
   486 :    322    583    264
   487 :    584    265    319
   488 :    587    268    316
   489 :    590    271    313
   490 :    593    274    310
   491 :    276    310    595
   492 :    277    308    307
   493 :    596    277    307
   494 :    279    307    598
   495 :    280    305    304
   496 :    599    280    304
   497 :    282    304    601
   498 :    283    302    301
   499 :    602    283    301
   500 :    285    301    604
   501 :    286    607    605
   502 :    287    607    608
   503 :    604    301    300
   504 :    601    304    303
   505 :    598    307    306
   506 :    595    310    309
   507 :    592    313    312
   508 :    589    316    315
   509 :    586    319    318
   510 :    583    322    321
   511 :    580    325    324
   512 :    327    325    628
   513 :    619    338    618
   514 :    616    389    615
   515 :    621    392    620
   516 :    614    443    613
   517 :    446    622    623
   518 :    497    611    612
   519 :    500    624    625
   520 :    551    609    610
   521 :    328    339      1
   522 :    329    342      3
   523 :      5    330    345
   524 :      7    331    348
   525 :      9    332    351
   526 :    333    354     11
   527 :    334    357     13
   528 :    335    360     15
   529 :    297     17    298
   530 :    336    363     17
   531 :     18    337     47
   532 :    366     19     45
   533 :    366    337     19
   534 :     20    339    328
   535 :     21    340     50
   536 :    369     22     48
   537 :    369    340     22
   538 :     23    342    329
   539 :    343     53     24
   540 :    343     25    372
   541 :    345    330     26
   542 :    346     56     27
   543 :    346     28    375
   544 :    348    331     29
   545 :    349     59     30
   546 :    349     31    378
   547 :    332     32    351
   548 :    352     62     33
   549 :     60    381     34
   550 :     34    381    352
   551 :     35    354    333
   552 :    355     65     36
   553 :     63    384     37
   554 :     37    384    355
   555 :     38    357    334
   556 :     39    358     68
   557 :     66    387     40
   558 :     40    387    358
   559 :     41    360    335
   560 :     42    361     71
   561 :     69    390     43
   562 :     43    390    361
   563 :     44    363    336
   564 :     45     74    364
   565 :    364    393     46
   566 :     47    337    366
   567 :    396     75     49
   568 :     49    367    396
   569 :     50    340    369
   570 :    399     78     52
   571 :     52    370    399
   572 :    372     53    343
   573 :    402     55    373
   574 :    375     56    346
   575 :    376     57     86
   576 :    405     58    376
   577 :    378     59    349
   578 :    379    408     61
   579 :    352    381     62
   580 :    382    411     64
   581 :    355    384     65
   582 :    385    414     67
   583 :    358    387     68
   584 :    388    417     70
   585 :    389     70    615
   586 :    361    390     71
   587 :     72    391    101
   588 :     99    420     73
   589 :    420    391     73
   590 :    364     74    393
   591 :    394     76    423
   592 :    367     77    396
   593 :    397    107     78
   594 :    397     79    426
   595 :    370     80    399
   596 :    400     82    429
   597 :    373     83    402
   598 :    403     85    432
   599 :    376     86    405
   600 :    406    116     87
   601 :    114    435     88
   602 :     88    435    406
   603 :     89    408    379
   604 :    409    119     90
   605 :    117    438     91
   606 :     91    438    409
   607 :     92    411    382
   608 :    412    122     93
   609 :    120    441     94
   610 :     94    441    412
   611 :     95    414    385
   612 :    415    125     96
   613 :    123    444     97
   614 :     97    444    415
   615 :     98    417    388
   616 :     99    128    418
   617 :    447    126    100
   618 :    100    418    447
   619 :    391    420    101
   620 :    421    102    131
   621 :    450    103    421
   622 :    423    104    394
   623 :    453    106    424
   624 :    426    107    397
   625 :    427    108    137
   626 :    456    135    109
   627 :    456    109    427
   628 :    429    110    400
   629 :    430    111    140
   630 :    459    112    430
   631 :    432    113    403
   632 :    433    462    115
   633 :    406    435    116
   634 :    436    465    118
   635 :    409    438    119
   636 :    439    468    121
   637 :    412    441    122
   638 :    124    471    150
   639 :    124    442    471
   640 :    415    444    125
   641 :    474    127    153
   642 :    474    445    127
   643 :    418    128    447
   644 :    448    158    129
   645 :    156    477    130
   646 :    130    477    448
   647 :    450    421    131
   648 :    451    161    132
   649 :    159    480    133
   650 :    133    480    451
   651 :    424    134    453
   652 :    454    164    135
   653 :    162    483    136
   654 :    136    483    454
   655 :    427    137    456
   656 :    457    167    138
   657 :    165    486    139
   658 :    139    486    457
   659 :    430    140    459
   660 :    460    170    141
   661 :    168    489    142
   662 :    142    489    460
   663 :    143    462    433
   664 :    463    173    144
   665 :    171    492    145
   666 :    145    492    463
   667 :    146    465    436
   668 :    147    466    176
   669 :    495    148    174
   670 :    495    466    148
   671 :    149    468    439
   672 :    150    469    179
   673 :    498    151    177
   674 :    498    469    151
   675 :    152    471    442
   676 :    472    153    182
   677 :    501    154    472
   678 :    155    445    474
   679 :    475    504    157
   680 :    448    477    158
   681 :    478    507    160
   682 :    451    480    161
   683 :    481    510    163
   684 :    454    483    164
   685 :    484    513    166
   686 :    457    486    167
   687 :    487    516    169
   688 :    460    489    170
   689 :    490    519    172
   690 :    463    492    173
   691 :    493    174    203
   692 :    522    175    493
   693 :    176    466    495
   694 :    496    177    206
   695 :    204    178    525
   696 :    525    178    496
   697 :    498    179    469
   698 :    207    528    181
   699 :    181    528    499
   700 :    472    182    501
   701 :    502    212    183
   702 :    210    531    184
   703 :    184    531    502
   704 :    185    504    475
   705 :    505    215    186
   706 :    213    534    187
   707 :    187    534    505
   708 :    188    507    478
   709 :    508    218    189
   710 :    216    537    190
   711 :    190    537    508
   712 :    191    510    481
   713 :    511    221    192
   714 :    219    540    193
   715 :    193    540    511
   716 :    194    513    484
   717 :    514    224    195
   718 :    543    514    196
   719 :    197    516    487
   720 :    198    517    227
   721 :    546    517    199
   722 :    200    519    490
   723 :    549    202    228
   724 :    520    202    549
   725 :    522    493    203
   726 :    552    205    231
   727 :    523    205    552
   728 :    525    496    206
   729 :    555    234    208
   730 :    208    526    555
   731 :    499    528    209
   732 :    558    237    211
   733 :    211    529    558
   734 :    502    531    212
   735 :    561    240    214
   736 :    214    532    561
   737 :    505    534    215
   738 :    564    243    217
   739 :    217    535    564
   740 :    508    537    218
   741 :    567    246    220
   742 :    220    538    567
   743 :    511    540    221
   744 :    541    222    251
   745 :    570    223    541
   746 :    543    224    514
   747 :    544    225    254
   748 :    573    226    544
   749 :    227    517    546
   750 :    547    228    257
   751 :    576    229    547
   752 :    230    520    549
   753 :    550    231    260
   754 :    579    232    550
   755 :    551    232    609
   756 :    233    523    552
   757 :    551    610    233
   758 :    553    263    234
   759 :    261    582    235
   760 :    235    582    553
   761 :    526    236    555
   762 :    556    266    237
   763 :    264    585    238
   764 :    238    585    556
   765 :    529    239    558
   766 :    559    269    240
   767 :    559    241    588
   768 :    532    242    561
   769 :    562    272    243
   770 :    562    244    591
   771 :    535    245    564
   772 :    565    275    246
   773 :    565    247    594
   774 :    538    248    567
   775 :    597    250    276
   776 :    568    250    597
   777 :    570    541    251
   778 :    600    253    279
   779 :    571    253    600
   780 :    573    544    254
   781 :    603    256    282
   782 :    574    256    603
   783 :    576    547    257
   784 :    606    259    285
   785 :    577    259    606
   786 :    579    550    260
   787 :    322    262    323
   788 :    553    582    263
   789 :    319    265    320
   790 :    556    585    266
   791 :    586    267    319
   792 :    316    268    317
   793 :    588    269    559
   794 :    589    270    316
   795 :    313    271    314
   796 :    591    272    562
   797 :    592    273    313
   798 :    310    274    311
   799 :    594    275    565
   800 :    278    568    597
   801 :    281    571    600
   802 :    284    574    603
   803 :    299    607    286
   804 :    287    577    606
   805 :    287    605    607
   806 :    326    325    327
Number of domains 330
  Domain :      0 
  Name : Entity 3 
  Number of elements :      2
     0     1
  Domain :      1 
  Name : Entity 6 
  Number of elements :      2
     2     3
  Domain :      2 
  Name : Entity 9 
  Number of elements :      2
     4     5
  Domain :      3 
  Name : Entity 12 
  Number of elements :      2
     6     7
  Domain :      4 
  Name : Entity 15 
  Number of elements :      2
     8     9
  Domain :      5 
  Name : Entity 18 
  Number of elements :      2
    10    11
  Domain :      6 
  Name : Entity 21 
  Number of elements :      2
    12    13
  Domain :      7 
  Name : Entity 24 
  Number of elements :      2
    14    15
  Domain :      8 
  Name : Entity 27 
  Number of elements :      2
    16    17
  Domain :      9 
  Name : Entity 33 
  Number of elements :      2
    18    19
  Domain :     10 
  Name : Entity 34 
  Number of elements :      2
    20    21
  Domain :     11 
  Name : Entity 35 
  Number of elements :      2
    22    23
  Domain :     12 
  Name : Entity 36 
  Number of elements :      2
    24    25
  Domain :     13 
  Name : Entity 37 
  Number of elements :      2
    26    27
  Domain :     14 
  Name : Entity 38 
  Number of elements :      2
    28    29
  Domain :     15 
  Name : Entity 39 
  Number of elements :      2
    30    31
  Domain :     16 
  Name : Entity 40 
  Number of elements :      2
    32    33
  Domain :     17 
  Name : Entity 41 
  Number of elements :      2
    34    35
  Domain :     18 
  Name : Entity 42 
  Number of elements :      2
    36    37
  Domain :     19 
  Name : Entity 43 
  Number of elements :      2
    38    39
  Domain :     20 
  Name : Entity 44 
  Number of elements :      2
    40    41
  Domain :     21 
  Name : Entity 45 
  Number of elements :      2
    42    43
  Domain :     22 
  Name : Entity 46 
  Number of elements :      2
    44    45
  Domain :     23 
  Name : Entity 47 
  Number of elements :      2
    46    47
  Domain :     24 
  Name : Entity 48 
  Number of elements :      2
    48    49
  Domain :     25 
  Name : Entity 49 
  Number of elements :      2
    50    51
  Domain :     26 
  Name : Entity 50 
  Number of elements :      2
    52    53
  Domain :     27 
  Name : Entity 51 
  Number of elements :      2
    54    55
  Domain :     28 
  Name : Entity 52 
  Number of elements :      2
    56    57
  Domain :     29 
  Name : Entity 53 
  Number of elements :      2
    58    59
  Domain :     30 
  Name : Entity 54 
  Number of elements :      2
    60    61
  Domain :     31 
  Name : Entity 55 
  Number of elements :      2
    62    63
  Domain :     32 
  Name : Entity 56 
  Number of elements :      2
    64    65
  Domain :     33 
  Name : Entity 57 
  Number of elements :      2
    66    67
  Domain :     34 
  Name : Entity 58 
  Number of elements :      2
    68    69
  Domain :     35 
  Name : Entity 59 
  Number of elements :      2
    70    71
  Domain :     36 
  Name : Entity 63 
  Number of elements :      2
    72    73
  Domain :     37 
  Name : Entity 64 
  Number of elements :      2
    74    75
  Domain :     38 
  Name : Entity 65 
  Number of elements :      2
    76    77
  Domain :     39 
  Name : Entity 66 
  Number of elements :      2
    78    79
  Domain :     40 
  Name : Entity 67 
  Number of elements :      2
    80    81
  Domain :     41 
  Name : Entity 68 
  Number of elements :      2
    82    83
  Domain :     42 
  Name : Entity 69 
  Number of elements :      2
    84    85
  Domain :     43 
  Name : Entity 70 
  Number of elements :      2
    86    87
  Domain :     44 
  Name : Entity 71 
  Number of elements :      2
    88    89
  Domain :     45 
  Name : Entity 72 
  Number of elements :      2
    90    91
  Domain :     46 
  Name : Entity 73 
  Number of elements :      2
    92    93
  Domain :     47 
  Name : Entity 74 
  Number of elements :      2
    94    95
  Domain :     48 
  Name : Entity 75 
  Number of elements :      2
    96    97
  Domain :     49 
  Name : Entity 76 
  Number of elements :      2
    98    99
  Domain :     50 
  Name : Entity 77 
  Number of elements :      2
   100   101
  Domain :     51 
  Name : Entity 78 
  Number of elements :      2
   102   103
  Domain :     52 
  Name : Entity 79 
  Number of elements :      2
   104   105
  Domain :     53 
  Name : Entity 80 
  Number of elements :      2
   106   107
  Domain :     54 
  Name : Entity 81 
  Number of elements :      2
   108   109
  Domain :     55 
  Name : Entity 82 
  Number of elements :      2
   110   111
  Domain :     56 
  Name : Entity 83 
  Number of elements :      2
   112   113
  Domain :     57 
  Name : Entity 84 
  Number of elements :      2
   114   115
  Domain :     58 
  Name : Entity 85 
  Number of elements :      2
   116   117
  Domain :     59 
  Name : Entity 86 
  Number of elements :      2
   118   119
  Domain :     60 
  Name : Entity 87 
  Number of elements :      2
   120   121
  Domain :     61 
  Name : Entity 88 
  Number of elements :      2
   122   123
  Domain :     62 
  Name : Entity 89 
  Number of elements :      2
   124   125
  Domain :     63 
  Name : Entity 93 
  Number of elements :      2
   126   127
  Domain :     64 
  Name : Entity 94 
  Number of elements :      2
   128   129
  Domain :     65 
  Name : Entity 95 
  Number of elements :      2
   130   131
  Domain :     66 
  Name : Entity 96 
  Number of elements :      2
   132   133
  Domain :     67 
  Name : Entity 97 
  Number of elements :      2
   134   135
  Domain :     68 
  Name : Entity 98 
  Number of elements :      2
   136   137
  Domain :     69 
  Name : Entity 99 
  Number of elements :      2
   138   139
  Domain :     70 
  Name : Entity 100 
  Number of elements :      2
   140   141
  Domain :     71 
  Name : Entity 101 
  Number of elements :      2
   142   143
  Domain :     72 
  Name : Entity 102 
  Number of elements :      2
   144   145
  Domain :     73 
  Name : Entity 103 
  Number of elements :      2
   146   147
  Domain :     74 
  Name : Entity 104 
  Number of elements :      2
   148   149
  Domain :     75 
  Name : Entity 105 
  Number of elements :      2
   150   151
  Domain :     76 
  Name : Entity 106 
  Number of elements :      2
   152   153
  Domain :     77 
  Name : Entity 107 
  Number of elements :      2
   154   155
  Domain :     78 
  Name : Entity 108 
  Number of elements :      2
   156   157
  Domain :     79 
  Name : Entity 109 
  Number of elements :      2
   158   159
  Domain :     80 
  Name : Entity 110 
  Number of elements :      2
   160   161
  Domain :     81 
  Name : Entity 111 
  Number of elements :      2
   162   163
  Domain :     82 
  Name : Entity 112 
  Number of elements :      2
   164   165
  Domain :     83 
  Name : Entity 113 
  Number of elements :      2
   166   167
  Domain :     84 
  Name : Entity 114 
  Number of elements :      2
   168   169
  Domain :     85 
  Name : Entity 115 
  Number of elements :      2
   170   171
  Domain :     86 
  Name : Entity 116 
  Number of elements :      2
   172   173
  Domain :     87 
  Name : Entity 117 
  Number of elements :      2
   174   175
  Domain :     88 
  Name : Entity 118 
  Number of elements :      2
   176   177
  Domain :     89 
  Name : Entity 119 
  Number of elements :      2
   178   179
  Domain :     90 
  Name : Entity 123 
  Number of elements :      2
   180   181
  Domain :     91 
  Name : Entity 124 
  Number of elements :      2
   182   183
  Domain :     92 
  Name : Entity 125 
  Number of elements :      2
   184   185
  Domain :     93 
  Name : Entity 126 
  Number of elements :      2
   186   187
  Domain :     94 
  Name : Entity 127 
  Number of elements :      2
   188   189
  Domain :     95 
  Name : Entity 128 
  Number of elements :      2
   190   191
  Domain :     96 
  Name : Entity 129 
  Number of elements :      2
   192   193
  Domain :     97 
  Name : Entity 130 
  Number of elements :      2
   194   195
  Domain :     98 
  Name : Entity 131 
  Number of elements :      2
   196   197
  Domain :     99 
  Name : Entity 132 
  Number of elements :      2
   198   199
  Domain :    100 
  Name : Entity 133 
  Number of elements :      2
   200   201
  Domain :    101 
  Name : Entity 134 
  Number of elements :      2
   202   203
  Domain :    102 
  Name : Entity 135 
  Number of elements :      2
   204   205
  Domain :    103 
  Name : Entity 136 
  Number of elements :      2
   206   207
  Domain :    104 
  Name : Entity 137 
  Number of elements :      2
   208   209
  Domain :    105 
  Name : Entity 138 
  Number of elements :      2
   210   211
  Domain :    106 
  Name : Entity 139 
  Number of elements :      2
   212   213
  Domain :    107 
  Name : Entity 140 
  Number of elements :      2
   214   215
  Domain :    108 
  Name : Entity 141 
  Number of elements :      2
   216   217
  Domain :    109 
  Name : Entity 142 
  Number of elements :      2
   218   219
  Domain :    110 
  Name : Entity 143 
  Number of elements :      2
   220   221
  Domain :    111 
  Name : Entity 144 
  Number of elements :      2
   222   223
  Domain :    112 
  Name : Entity 145 
  Number of elements :      2
   224   225
  Domain :    113 
  Name : Entity 146 
  Number of elements :      2
   226   227
  Domain :    114 
  Name : Entity 147 
  Number of elements :      2
   228   229
  Domain :    115 
  Name : Entity 148 
  Number of elements :      2
   230   231
  Domain :    116 
  Name : Entity 149 
  Number of elements :      2
   232   233
  Domain :    117 
  Name : Entity 153 
  Number of elements :      2
   234   235
  Domain :    118 
  Name : Entity 154 
  Number of elements :      2
   236   237
  Domain :    119 
  Name : Entity 155 
  Number of elements :      2
   238   239
  Domain :    120 
  Name : Entity 156 
  Number of elements :      2
   240   241
  Domain :    121 
  Name : Entity 157 
  Number of elements :      2
   242   243
  Domain :    122 
  Name : Entity 158 
  Number of elements :      2
   244   245
  Domain :    123 
  Name : Entity 159 
  Number of elements :      2
   246   247
  Domain :    124 
  Name : Entity 160 
  Number of elements :      2
   248   249
  Domain :    125 
  Name : Entity 161 
  Number of elements :      2
   250   251
  Domain :    126 
  Name : Entity 162 
  Number of elements :      2
   252   253
  Domain :    127 
  Name : Entity 163 
  Number of elements :      2
   254   255
  Domain :    128 
  Name : Entity 164 
  Number of elements :      2
   256   257
  Domain :    129 
  Name : Entity 165 
  Number of elements :      2
   258   259
  Domain :    130 
  Name : Entity 166 
  Number of elements :      2
   260   261
  Domain :    131 
  Name : Entity 167 
  Number of elements :      2
   262   263
  Domain :    132 
  Name : Entity 168 
  Number of elements :      2
   264   265
  Domain :    133 
  Name : Entity 169 
  Number of elements :      2
   266   267
  Domain :    134 
  Name : Entity 170 
  Number of elements :      2
   268   269
  Domain :    135 
  Name : Entity 171 
  Number of elements :      2
   270   271
  Domain :    136 
  Name : Entity 172 
  Number of elements :      2
   272   273
  Domain :    137 
  Name : Entity 173 
  Number of elements :      2
   274   275
  Domain :    138 
  Name : Entity 174 
  Number of elements :      2
   276   277
  Domain :    139 
  Name : Entity 175 
  Number of elements :      2
   278   279
  Domain :    140 
  Name : Entity 176 
  Number of elements :      2
   280   281
  Domain :    141 
  Name : Entity 177 
  Number of elements :      2
   282   283
  Domain :    142 
  Name : Entity 178 
  Number of elements :      2
   284   285
  Domain :    143 
  Name : Entity 179 
  Number of elements :      2
   286   287
  Domain :    144 
  Name : Entity 183 
  Number of elements :      2
   288   289
  Domain :    145 
  Name : Entity 184 
  Number of elements :      2
   290   291
  Domain :    146 
  Name : Entity 185 
  Number of elements :      2
   292   293
  Domain :    147 
  Name : Entity 186 
  Number of elements :      2
   294   295
  Domain :    148 
  Name : Entity 187 
  Number of elements :      2
   296   297
  Domain :    149 
  Name : Entity 188 
  Number of elements :      2
   298   299
  Domain :    150 
  Name : Entity 189 
  Number of elements :      2
   300   301
  Domain :    151 
  Name : Entity 190 
  Number of elements :      2
   302   303
  Domain :    152 
  Name : Entity 191 
  Number of elements :      2
   304   305
  Domain :    153 
  Name : Entity 192 
  Number of elements :      2
   306   307
  Domain :    154 
  Name : Entity 193 
  Number of elements :      2
   308   309
  Domain :    155 
  Name : Entity 194 
  Number of elements :      2
   310   311
  Domain :    156 
  Name : Entity 195 
  Number of elements :      2
   312   313
  Domain :    157 
  Name : Entity 196 
  Number of elements :      2
   314   315
  Domain :    158 
  Name : Entity 197 
  Number of elements :      2
   316   317
  Domain :    159 
  Name : Entity 198 
  Number of elements :      2
   318   319
  Domain :    160 
  Name : Entity 199 
  Number of elements :      2
   320   321
  Domain :    161 
  Name : Entity 200 
  Number of elements :      2
   322   323
  Domain :    162 
  Name : Entity 201 
  Number of elements :      2
   324   325
  Domain :    163 
  Name : Entity 202 
  Number of elements :      2
   326   327
  Domain :    164 
  Name : Entity 203 
  Number of elements :      2
   328   329
  Domain :    165 
  Name : Entity 204 
  Number of elements :      2
   330   331
  Domain :    166 
  Name : Entity 205 
  Number of elements :      2
   332   333
  Domain :    167 
  Name : Entity 206 
  Number of elements :      2
   334   335
  Domain :    168 
  Name : Entity 207 
  Number of elements :      2
   336   337
  Domain :    169 
  Name : Entity 208 
  Number of elements :      2
   338   339
  Domain :    170 
  Name : Entity 209 
  Number of elements :      2
   340   341
  Domain :    171 
  Name : Entity 213 
  Number of elements :      2
   342   343
  Domain :    172 
  Name : Entity 214 
  Number of elements :      2
   344   345
  Domain :    173 
  Name : Entity 215 
  Number of elements :      2
   346   347
  Domain :    174 
  Name : Entity 216 
  Number of elements :      2
   348   349
  Domain :    175 
  Name : Entity 217 
  Number of elements :      2
   350   351
  Domain :    176 
  Name : Entity 218 
  Number of elements :      2
   352   353
  Domain :    177 
  Name : Entity 219 
  Number of elements :      2
   354   355
  Domain :    178 
  Name : Entity 220 
  Number of elements :      2
   356   357
  Domain :    179 
  Name : Entity 221 
  Number of elements :      2
   358   359
  Domain :    180 
  Name : Entity 222 
  Number of elements :      2
   360   361
  Domain :    181 
  Name : Entity 223 
  Number of elements :      2
   362   363
  Domain :    182 
  Name : Entity 224 
  Number of elements :      2
   364   365
  Domain :    183 
  Name : Entity 225 
  Number of elements :      2
   366   367
  Domain :    184 
  Name : Entity 226 
  Number of elements :      2
   368   369
  Domain :    185 
  Name : Entity 227 
  Number of elements :      2
   370   371
  Domain :    186 
  Name : Entity 228 
  Number of elements :      2
   372   373
  Domain :    187 
  Name : Entity 229 
  Number of elements :      2
   374   375
  Domain :    188 
  Name : Entity 230 
  Number of elements :      2
   376   377
  Domain :    189 
  Name : Entity 231 
  Number of elements :      2
   378   379
  Domain :    190 
  Name : Entity 232 
  Number of elements :      2
   380   381
  Domain :    191 
  Name : Entity 233 
  Number of elements :      2
   382   383
  Domain :    192 
  Name : Entity 234 
  Number of elements :      2
   384   385
  Domain :    193 
  Name : Entity 235 
  Number of elements :      2
   386   387
  Domain :    194 
  Name : Entity 236 
  Number of elements :      2
   388   389
  Domain :    195 
  Name : Entity 237 
  Number of elements :      2
   390   391
  Domain :    196 
  Name : Entity 238 
  Number of elements :      2
   392   393
  Domain :    197 
  Name : Entity 239 
  Number of elements :      2
   394   395
  Domain :    198 
  Name : Entity 243 
  Number of elements :      2
   396   397
  Domain :    199 
  Name : Entity 244 
  Number of elements :      2
   398   399
  Domain :    200 
  Name : Entity 245 
  Number of elements :      2
   400   401
  Domain :    201 
  Name : Entity 246 
  Number of elements :      2
   402   403
  Domain :    202 
  Name : Entity 247 
  Number of elements :      2
   404   405
  Domain :    203 
  Name : Entity 248 
  Number of elements :      2
   406   407
  Domain :    204 
  Name : Entity 249 
  Number of elements :      2
   408   409
  Domain :    205 
  Name : Entity 250 
  Number of elements :      2
   410   411
  Domain :    206 
  Name : Entity 251 
  Number of elements :      2
   412   413
  Domain :    207 
  Name : Entity 252 
  Number of elements :      2
   414   415
  Domain :    208 
  Name : Entity 253 
  Number of elements :      2
   416   417
  Domain :    209 
  Name : Entity 254 
  Number of elements :      2
   418   419
  Domain :    210 
  Name : Entity 255 
  Number of elements :      2
   420   421
  Domain :    211 
  Name : Entity 256 
  Number of elements :      2
   422   423
  Domain :    212 
  Name : Entity 257 
  Number of elements :      2
   424   425
  Domain :    213 
  Name : Entity 258 
  Number of elements :      2
   426   427
  Domain :    214 
  Name : Entity 259 
  Number of elements :      2
   428   429
  Domain :    215 
  Name : Entity 260 
  Number of elements :      2
   430   431
  Domain :    216 
  Name : Entity 261 
  Number of elements :      2
   432   433
  Domain :    217 
  Name : Entity 262 
  Number of elements :      2
   434   435
  Domain :    218 
  Name : Entity 263 
  Number of elements :      2
   436   437
  Domain :    219 
  Name : Entity 264 
  Number of elements :      2
   438   439
  Domain :    220 
  Name : Entity 265 
  Number of elements :      2
   440   441
  Domain :    221 
  Name : Entity 266 
  Number of elements :      2
   442   443
  Domain :    222 
  Name : Entity 267 
  Number of elements :      2
   444   445
  Domain :    223 
  Name : Entity 268 
  Number of elements :      2
   446   447
  Domain :    224 
  Name : Entity 269 
  Number of elements :      2
   448   449
  Domain :    225 
  Name : Entity 273 
  Number of elements :      2
   450   451
  Domain :    226 
  Name : Entity 274 
  Number of elements :      2
   452   453
  Domain :    227 
  Name : Entity 275 
  Number of elements :      2
   454   455
  Domain :    228 
  Name : Entity 276 
  Number of elements :      2
   456   457
  Domain :    229 
  Name : Entity 277 
  Number of elements :      2
   458   459
  Domain :    230 
  Name : Entity 278 
  Number of elements :      2
   460   461
  Domain :    231 
  Name : Entity 279 
  Number of elements :      2
   462   463
  Domain :    232 
  Name : Entity 280 
  Number of elements :      2
   464   465
  Domain :    233 
  Name : Entity 281 
  Number of elements :      2
   466   467
  Domain :    234 
  Name : Entity 282 
  Number of elements :      2
   468   469
  Domain :    235 
  Name : Entity 283 
  Number of elements :      2
   470   471
  Domain :    236 
  Name : Entity 284 
  Number of elements :      2
   472   473
  Domain :    237 
  Name : Entity 285 
  Number of elements :      2
   474   475
  Domain :    238 
  Name : Entity 286 
  Number of elements :      2
   476   477
  Domain :    239 
  Name : Entity 287 
  Number of elements :      2
   478   479
  Domain :    240 
  Name : Entity 288 
  Number of elements :      2
   480   481
  Domain :    241 
  Name : Entity 289 
  Number of elements :      2
   482   483
  Domain :    242 
  Name : Entity 290 
  Number of elements :      2
   484   485
  Domain :    243 
  Name : Entity 291 
  Number of elements :      2
   486   487
  Domain :    244 
  Name : Entity 292 
  Number of elements :      2
   488   489
  Domain :    245 
  Name : Entity 293 
  Number of elements :      2
   490   491
  Domain :    246 
  Name : Entity 294 
  Number of elements :      2
   492   493
  Domain :    247 
  Name : Entity 295 
  Number of elements :      2
   494   495
  Domain :    248 
  Name : Entity 296 
  Number of elements :      2
   496   497
  Domain :    249 
  Name : Entity 297 
  Number of elements :      2
   498   499
  Domain :    250 
  Name : Entity 298 
  Number of elements :      2
   500   501
  Domain :    251 
  Name : Entity 299 
  Number of elements :      2
   502   503
  Domain :    252 
  Name : Entity 303 
  Number of elements :      2
   504   505
  Domain :    253 
  Name : Entity 304 
  Number of elements :      2
   506   507
  Domain :    254 
  Name : Entity 305 
  Number of elements :      2
   508   509
  Domain :    255 
  Name : Entity 306 
  Number of elements :      2
   510   511
  Domain :    256 
  Name : Entity 307 
  Number of elements :      2
   512   513
  Domain :    257 
  Name : Entity 308 
  Number of elements :      2
   514   515
  Domain :    258 
  Name : Entity 309 
  Number of elements :      2
   516   517
  Domain :    259 
  Name : Entity 310 
  Number of elements :      2
   518   519
  Domain :    260 
  Name : Entity 311 
  Number of elements :      2
   520   521
  Domain :    261 
  Name : Entity 312 
  Number of elements :      2
   522   523
  Domain :    262 
  Name : Entity 313 
  Number of elements :      2
   524   525
  Domain :    263 
  Name : Entity 314 
  Number of elements :      2
   526   527
  Domain :    264 
  Name : Entity 315 
  Number of elements :      2
   528   529
  Domain :    265 
  Name : Entity 316 
  Number of elements :      2
   530   531
  Domain :    266 
  Name : Entity 317 
  Number of elements :      2
   532   533
  Domain :    267 
  Name : Entity 318 
  Number of elements :      2
   534   535
  Domain :    268 
  Name : Entity 319 
  Number of elements :      2
   536   537
  Domain :    269 
  Name : Entity 320 
  Number of elements :      2
   538   539
  Domain :    270 
  Name : Entity 321 
  Number of elements :      2
   540   541
  Domain :    271 
  Name : Entity 322 
  Number of elements :      2
   542   543
  Domain :    272 
  Name : Entity 323 
  Number of elements :      2
   544   545
  Domain :    273 
  Name : Entity 324 
  Number of elements :      2
   546   547
  Domain :    274 
  Name : Entity 325 
  Number of elements :      2
   548   549
  Domain :    275 
  Name : Entity 326 
  Number of elements :      2
   550   551
  Domain :    276 
  Name : Entity 327 
  Number of elements :      2
   552   553
  Domain :    277 
  Name : Entity 328 
  Number of elements :      2
   554   555
  Domain :    278 
  Name : Entity 329 
  Number of elements :      2
   556   557
  Domain :    279 
  Name : Entity 330 
  Number of elements :      1
   558
  Domain :    280 
  Name : Entity 331 
  Number of elements :      1
   559
  Domain :    281 
  Name : Entity 332 
  Number of elements :      1
   560
  Domain :    282 
  Name : Entity 333 
  Number of elements :      1
   561
  Domain :    283 
  Name : Entity 334 
  Number of elements :      1
   562
  Domain :    284 
  Name : Entity 335 
  Number of elements :      1
   563
  Domain :    285 
  Name : Entity 336 
  Number of elements :      1
   564
  Domain :    286 
  Name : Entity 337 
  Number of elements :      1
   565
  Domain :    287 
  Name : Entity 338 
  Number of elements :      1
   566
  Domain :    288 
  Name : Entity 339 
  Number of elements :      1
   567
  Domain :    289 
  Name : Entity 340 
  Number of elements :      1
   568
  Domain :    290 
  Name : Entity 341 
  Number of elements :      1
   569
  Domain :    291 
  Name : Entity 342 
  Number of elements :      1
   570
  Domain :    292 
  Name : Entity 343 
  Number of elements :      1
   571
  Domain :    293 
  Name : Entity 344 
  Number of elements :      1
   572
  Domain :    294 
  Name : Entity 345 
  Number of elements :      1
   573
  Domain :    295 
  Name : Entity 346 
  Number of elements :      1
   574
  Domain :    296 
  Name : Entity 347 
  Number of elements :      1
   575
  Domain :    297 
  Name : Entity 348 
  Number of elements :      1
   576
  Domain :    298 
  Name : Entity 349 
  Number of elements :     12
   577   578   579   580   581   582   583   584   585   586
   587   588
  Domain :    299 
  Name : Entity 350 
  Number of elements :      1
   589
  Domain :    300 
  Name : Entity 351 
  Number of elements :      1
   590
  Domain :    301 
  Name : Entity 352 
  Number of elements :      1
   591
  Domain :    302 
  Name : Entity 353 
  Number of elements :      1
   592
  Domain :    303 
  Name : Entity 354 
  Number of elements :      1
   593
  Domain :    304 
  Name : Entity 355 
  Number of elements :      1
   594
  Domain :    305 
  Name : Entity 356 
  Number of elements :      1
   595
  Domain :    306 
  Name : Entity 357 
  Number of elements :      1
   596
  Domain :    307 
  Name : Entity 358 
  Number of elements :      1
   597
  Domain :    308 
  Name : Entity 359 
  Number of elements :      1
   598
  Domain :    309 
  Name : Entity 360 
  Number of elements :      1
   599
  Domain :    310 
  Name : Entity 361 
  Number of elements :      1
   600
  Domain :    311 
  Name : Entity 362 
  Number of elements :      1
   601
  Domain :    312 
  Name : Entity 363 
  Number of elements :      1
   602
  Domain :    313 
  Name : Entity 364 
  Number of elements :      1
   603
  Domain :    314 
  Name : Entity 365 
  Number of elements :      1
   604
  Domain :    315 
  Name : Entity 366 
  Number of elements :      1
   605
  Domain :    316 
  Name : Entity 367 
  Number of elements :      1
   606
  Domain :    317 
  Name : Entity 368 
  Number of elements :      1
   607
  Domain :    318 
  Name : Entity 369 
  Number of elements :      1
   608
  Domain :    319 
  Name : Entity 370 
  Number of elements :      1
   609
  Domain :    320 
  Name : Entity 371 
  Number of elements :      1
   610
  Domain :    321 
  Name : Entity 372 
  Number of elements :      1
   611
  Domain :    322 
  Name : Entity 373 
  Number of elements :      1
   612
  Domain :    323 
  Name : Entity 374 
  Number of elements :      1
   613
  Domain :    324 
  Name : Entity 375 
  Number of elements :      1
   614
  Domain :    325 
  Name : Entity 376 
  Number of elements :      1
   615
  Domain :    326 
  Name : Entity 377 
  Number of elements :      1
   616
  Domain :    327 
  Name : Entity 378 
  Number of elements :     12
   617   618   619   620   621   622   623   624   625   626
   627   628
  Domain :    328 
  Name : Bottom
  Number of elements :     13
   288   327   618   619   620   621   622   623   624   625
   626   627   628
  Domain :    329 
  Name : Top
  Number of elements :     13
   298   299   607   608   609   610   611   612   613   614
   615   616   617
