Number of nodes 857 
     0 :  1.0000000e-02  0.0000000e+00 
     1 :  8.1000000e-03  0.0000000e+00 
     2 :  5.0000000e-03  8.6602540e-03 
     3 :  4.0500000e-03  7.0148058e-03 
     4 : -5.0000000e-03  8.6602540e-03 
     5 : -4.0500000e-03  7.0148058e-03 
     6 : -1.0000000e-02  1.2246468e-18 
     7 : -8.1000000e-03  9.9196391e-19 
     8 : -5.0000000e-03 -8.6602540e-03 
     9 : -4.0500000e-03 -7.0148058e-03 
    10 :  5.0000000e-03 -8.6602540e-03 
    11 :  4.0500000e-03 -7.0148058e-03 
    12 : -1.0000000e-02  1.7320508e-02 
    13 :  1.0000000e-02  1.7320508e-02 
    14 :  8.1000000e-03  1.7320508e-02 
    15 :  5.0000000e-03  2.5980762e-02 
    16 :  4.0500000e-03  2.4335314e-02 
    17 : -5.0000000e-03  2.5980762e-02 
    18 : -4.0500000e-03  2.4335314e-02 
    19 : -1.0000000e-02  1.7320508e-02 
    20 : -8.1000000e-03  1.7320508e-02 
    21 : -5.0000000e-03  8.6602540e-03 
    22 : -4.0500000e-03  1.0305702e-02 
    23 :  5.0000000e-03  8.6602540e-03 
    24 :  4.0500000e-03  1.0305702e-02 
    25 :  2.5000000e-02  8.6602540e-03 
    26 :  2.3100000e-02  8.6602540e-03 
    27 :  2.0000000e-02  1.7320508e-02 
    28 :  1.9050000e-02  1.5675060e-02 
    29 :  1.0000000e-02  1.7320508e-02 
    30 :  1.0950000e-02  1.5675060e-02 
    31 :  5.0000000e-03  8.6602540e-03 
    32 :  6.9000000e-03  8.6602540e-03 
    33 :  1.0000000e-02  1.7347235e-18 
    34 :  1.0950000e-02  1.6454483e-03 
    35 :  2.0000000e-02 -3.4694470e-18 
    36 :  1.9050000e-02  1.6454483e-03 
    37 :  2.5000000e-02  2.5980762e-02 
    38 :  2.3100000e-02  2.5980762e-02 
    39 :  2.0000000e-02  3.4641016e-02 
    40 :  1.9050000e-02  3.2995568e-02 
    41 :  1.0000000e-02  3.4641016e-02 
    42 :  1.0950000e-02  3.2995568e-02 
    43 :  5.0000000e-03  2.5980762e-02 
    44 :  6.9000000e-03  2.5980762e-02 
    45 :  1.0000000e-02  1.7320508e-02 
    46 :  1.0950000e-02  1.8965956e-02 
    47 :  2.0000000e-02  1.7320508e-02 
    48 :  1.9050000e-02  1.8965956e-02 
    49 :  4.0000000e-02  0.0000000e+00 
    50 :  3.8100000e-02  0.0000000e+00 
    51 :  3.5000000e-02  8.6602540e-03 
    52 :  3.4050000e-02  7.0148058e-03 
    53 :  2.5000000e-02  8.6602540e-03 
    54 :  2.5950000e-02  7.0148058e-03 
    55 :  2.0000000e-02  1.2246468e-18 
    56 :  2.1900000e-02  9.9196391e-19 
    57 :  2.5000000e-02 -8.6602540e-03 
    58 :  2.5950000e-02 -7.0148058e-03 
    59 :  3.5000000e-02 -8.6602540e-03 
    60 :  3.4050000e-02 -7.0148058e-03 
    61 :  4.0000000e-02  1.7320508e-02 
    62 :  4.0000000e-02  1.7320508e-02 
    63 :  3.8100000e-02  1.7320508e-02 
    64 :  3.5000000e-02  2.5980762e-02 
    65 :  3.4050000e-02  2.4335314e-02 
    66 :  2.5000000e-02  2.5980762e-02 
    67 :  2.5950000e-02  2.4335314e-02 
    68 :  2.0000000e-02  1.7320508e-02 
    69 :  2.1900000e-02  1.7320508e-02 
    70 :  2.5000000e-02  8.6602540e-03 
    71 :  2.5950000e-02  1.0305702e-02 
    72 :  3.5000000e-02  8.6602540e-03 
    73 :  3.4050000e-02  1.0305702e-02 
    74 : -5.0000000e-03  2.5980762e-02 
    75 : -1.0000000e-02  1.7320508e-02 
    76 :  5.0000000e-03  2.5980762e-02 
    77 : -5.0000000e-03  8.6602540e-03 
    78 :  1.0000000e-02  3.4641016e-02 
    79 : -1.0000000e-02  1.2246468e-18 
    80 :  1.0000000e-02  3.7974349e-02 
    81 : -5.0000000e-03 -8.6602540e-03 
    82 :  2.0000000e-02  3.7974349e-02 
    83 : -1.0000000e-02 -8.6602540e-03 
    84 :  2.0000000e-02  3.4641016e-02 
    85 : -1.0000000e-02 -1.1993587e-02 
    86 :  2.5000000e-02  2.5980762e-02 
    87 :  4.0000000e-02 -1.1993587e-02 
    88 :  3.5000000e-02  2.5980762e-02 
    89 :  4.0000000e-02 -8.6602540e-03 
    90 :  4.0000000e-02  1.7320508e-02 
    91 :  3.5000000e-02 -8.6602540e-03 
    92 :  3.5000000e-02  8.6602540e-03 
    93 :  4.0000000e-02  0.0000000e+00 
    94 :  2.5000000e-02 -8.6602540e-03 
    95 :  2.0000000e-02  0.0000000e+00 
    96 :  5.0000000e-03 -8.6602540e-03 
    97 :  1.0000000e-02  0.0000000e+00 
    98 :  9.0452363e-03  1.6536992e-03 
    99 :  8.1483870e-03  3.2070877e-03 
   100 :  7.3015089e-03  4.6739237e-03 
   101 :  6.4980186e-03  6.0656097e-03 
   102 :  5.7324018e-03  7.3916970e-03 
   103 :  7.1987457e-03  1.5610182e-03 
   104 :  6.3493424e-03  3.0322280e-03 
   105 :  5.5450378e-03  4.4253243e-03 
   106 :  4.7801823e-03  5.7500929e-03 
   107 :  3.3333333e-03  8.6602540e-03 
   108 :  1.6666667e-03  8.6602540e-03 
   109 :  7.8062556e-18  8.6602540e-03 
   110 : -1.6666667e-03  8.6602540e-03 
   111 : -3.3333333e-03  8.6602540e-03 
   112 :  2.4300000e-03  7.0148058e-03 
   113 :  8.1000000e-04  7.0148058e-03 
   114 : -8.1000000e-04  7.0148058e-03 
   115 : -2.4300000e-03  7.0148058e-03 
   116 : -5.7324018e-03  7.3916970e-03 
   117 : -6.4980186e-03  6.0656097e-03 
   118 : -7.3015089e-03  4.6739237e-03 
   119 : -8.1483870e-03  3.2070877e-03 
   120 : -9.0452363e-03  1.6536992e-03 
   121 : -4.7801823e-03  5.7500929e-03 
   122 : -5.5450378e-03  4.4253243e-03 
   123 : -6.3493424e-03  3.0322280e-03 
   124 : -7.1987457e-03  1.5610182e-03 
   125 : -8.9072788e-03 -1.8926486e-03 
   126 : -7.7230477e-03 -3.9437970e-03 
   127 : -6.4286774e-03 -6.1857123e-03 
   128 : -7.1915700e-03 -1.5734468e-03 
   129 : -6.2209875e-03 -3.2545450e-03 
   130 : -5.1780158e-03 -5.0610251e-03 
   131 : -2.5000000e-03 -8.6602540e-03 
   132 : -1.3877788e-17 -8.6602540e-03 
   133 :  2.5000000e-03 -8.6602540e-03 
   134 : -1.3500000e-03 -7.0148058e-03 
   135 :  1.3500000e-03 -7.0148058e-03 
   136 :  6.4286774e-03 -6.1857123e-03 
   137 :  7.7230477e-03 -3.9437970e-03 
   138 :  8.9072788e-03 -1.8926486e-03 
   139 :  5.1780158e-03 -5.0610251e-03 
   140 :  6.2209875e-03 -3.2545450e-03 
   141 :  7.1915700e-03 -1.5734468e-03 
   142 :  9.4100764e-03  1.8342286e-02 
   143 :  8.8313597e-03  1.9344653e-02 
   144 :  8.2625525e-03  2.0329855e-02 
   145 :  7.7024903e-03  2.1299912e-02 
   146 :  7.1501243e-03  2.2256638e-02 
   147 :  6.6045082e-03  2.3201672e-02 
   148 :  6.0647862e-03  2.4136498e-02 
   149 :  5.5301840e-03  2.5062456e-02 
   150 :  7.4922288e-03  1.8373199e-02 
   151 :  6.8963166e-03  1.9405349e-02 
   152 :  6.3108502e-03  2.0419406e-02 
   153 :  5.7345650e-03  2.1417562e-02 
   154 :  5.1663260e-03  2.2401781e-02 
   155 :  4.6051113e-03  2.3373833e-02 
   156 :  3.8888889e-03  2.5980762e-02 
   157 :  2.7777778e-03  2.5980762e-02 
   158 :  1.6666667e-03  2.5980762e-02 
   159 :  5.5555556e-04  2.5980762e-02 
   160 : -5.5555556e-04  2.5980762e-02 
   161 : -1.6666667e-03  2.5980762e-02 
   162 : -2.7777778e-03  2.5980762e-02 
   163 : -3.8888889e-03  2.5980762e-02 
   164 :  2.8928571e-03  2.4335314e-02 
   165 :  1.7357143e-03  2.4335314e-02 
   166 :  5.7857143e-04  2.4335314e-02 
   167 : -5.7857143e-04  2.4335314e-02 
   168 : -1.7357143e-03  2.4335314e-02 
   169 : -2.8928571e-03  2.4335314e-02 
   170 : -5.5301840e-03  2.5062456e-02 
   171 : -6.0647862e-03  2.4136498e-02 
   172 : -6.6045082e-03  2.3201672e-02 
   173 : -7.1501243e-03  2.2256638e-02 
   174 : -7.7024903e-03  2.1299912e-02 
   175 : -8.2625525e-03  2.0329855e-02 
   176 : -8.8313597e-03  1.9344653e-02 
   177 : -9.4100764e-03  1.8342286e-02 
   178 : -4.6051113e-03  2.3373833e-02 
   179 : -5.1663260e-03  2.2401781e-02 
   180 : -5.7345650e-03  2.1417562e-02 
   181 : -6.3108502e-03  2.0419406e-02 
   182 : -6.8963166e-03  1.9405349e-02 
   183 : -7.4922288e-03  1.8373199e-02 
   184 : -9.3496046e-03  1.6193990e-02 
   185 : -8.6824369e-03  1.5038422e-02 
   186 : -7.9961631e-03  1.3849761e-02 
   187 : -7.2881130e-03  1.2623382e-02 
   188 : -6.5552117e-03  1.1353960e-02 
   189 : -5.7938950e-03  1.0035321e-02 
   190 : -7.4717387e-03  1.6232328e-02 
   191 : -6.8278840e-03  1.5117139e-02 
   192 : -6.1663442e-03  1.3971318e-02 
   193 : -5.4847380e-03  1.2790741e-02 
   194 : -4.7803377e-03  1.1570684e-02 
   195 : -3.3333333e-03  8.6602540e-03 
   196 : -1.6666667e-03  8.6602540e-03 
   197 : -1.1275703e-17  8.6602540e-03 
   198 :  1.6666667e-03  8.6602540e-03 
   199 :  3.3333333e-03  8.6602540e-03 
   200 : -2.7000000e-03  1.0305702e-02 
   201 : -1.3500000e-03  1.0305702e-02 
   202 :  1.7347235e-18  1.0305702e-02 
   203 :  1.3500000e-03  1.0305702e-02 
   204 :  2.7000000e-03  1.0305702e-02 
   205 :  5.7938950e-03  1.0035321e-02 
   206 :  6.5552117e-03  1.1353960e-02 
   207 :  7.2881130e-03  1.2623382e-02 
   208 :  7.9961631e-03  1.3849761e-02 
   209 :  8.6824369e-03  1.5038422e-02 
   210 :  9.3496046e-03  1.6193990e-02 
   211 :  4.7803377e-03  1.1570684e-02 
   212 :  5.4847380e-03  1.2790741e-02 
   213 :  6.1663442e-03  1.3971318e-02 
   214 :  6.8278840e-03  1.5117139e-02 
   215 :  7.4717387e-03  1.6232328e-02 
   216 :  2.4206105e-02  1.0035321e-02 
   217 :  2.3444788e-02  1.1353960e-02 
   218 :  2.2711887e-02  1.2623382e-02 
   219 :  2.2003837e-02  1.3849761e-02 
   220 :  2.1317563e-02  1.5038422e-02 
   221 :  2.0650395e-02  1.6193990e-02 
   222 :  2.2364770e-02  9.9337098e-03 
   223 :  2.1657676e-02  1.1158432e-02 
   224 :  2.0975369e-02  1.2340223e-02 
   225 :  2.0314951e-02  1.3484100e-02 
   226 :  1.9673899e-02  1.4594435e-02 
   227 :  1.8750000e-02  1.7320508e-02 
   228 :  1.7500000e-02  1.7320508e-02 
   229 :  1.6250000e-02  1.7320508e-02 
   230 :  1.5000000e-02  1.7320508e-02 
   231 :  1.3750000e-02  1.7320508e-02 
   232 :  1.2500000e-02  1.7320508e-02 
   233 :  1.1250000e-02  1.7320508e-02 
   234 :  1.7700000e-02  1.5675060e-02 
   235 :  1.6350000e-02  1.5675060e-02 
   236 :  1.5000000e-02  1.5675060e-02 
   237 :  1.3650000e-02  1.5675060e-02 
   238 :  1.2300000e-02  1.5675060e-02 
   239 :  9.3496046e-03  1.6193990e-02 
   240 :  8.6824369e-03  1.5038422e-02 
   241 :  7.9961631e-03  1.3849761e-02 
   242 :  7.2881130e-03  1.2623382e-02 
   243 :  6.5552117e-03  1.1353960e-02 
   244 :  5.7938950e-03  1.0035321e-02 
   245 :  1.0326101e-02  1.4594435e-02 
   246 :  9.6850488e-03  1.3484100e-02 
   247 :  9.0246309e-03  1.2340223e-02 
   248 :  8.3423239e-03  1.1158432e-02 
   249 :  7.6352300e-03  9.9337098e-03 
   250 :  5.7324018e-03  7.3916970e-03 
   251 :  6.4980186e-03  6.0656097e-03 
   252 :  7.3015089e-03  4.6739237e-03 
   253 :  8.1483870e-03  3.2070877e-03 
   254 :  9.0452363e-03  1.6536992e-03 
   255 :  7.6331746e-03  7.3903583e-03 
   256 :  8.3996338e-03  6.0628121e-03 
   257 :  9.2040570e-03  4.6695103e-03 
   258 :  1.0051976e-02  3.2008708e-03 
   259 :  1.2000000e-02  6.9388939e-19 
   260 :  1.4000000e-02 -3.4694470e-19 
   261 :  1.6000000e-02 -1.3877788e-18 
   262 :  1.8000000e-02 -2.4286129e-18 
   263 :  1.2975000e-02  1.6454483e-03 
   264 :  1.5000000e-02  1.6454483e-03 
   265 :  1.7025000e-02  1.6454483e-03 
   266 :  2.0954764e-02  1.6536992e-03 
   267 :  2.1851613e-02  3.2070877e-03 
   268 :  2.2698491e-02  4.6739237e-03 
   269 :  2.3501981e-02  6.0656097e-03 
   270 :  2.4267598e-02  7.3916970e-03 
   271 :  1.9948024e-02  3.2008708e-03 
   272 :  2.0795943e-02  4.6695103e-03 
   273 :  2.1600366e-02  6.0628121e-03 
   274 :  2.2366825e-02  7.3903583e-03 
   275 :  2.4434829e-02  2.6959667e-02 
   276 :  2.3873313e-02  2.7932241e-02 
   277 :  2.3314818e-02  2.8899583e-02 
   278 :  2.2758779e-02  2.9862671e-02 
   279 :  2.2204695e-02  3.0822373e-02 
   280 :  2.1652127e-02  3.1779448e-02 
   281 :  2.1100695e-02  3.2734557e-02 
   282 :  2.0550075e-02  3.3688258e-02 
   283 :  2.2585988e-02  2.6871056e-02 
   284 :  2.2075048e-02  2.7756031e-02 
   285 :  2.1566695e-02  2.8636524e-02 
   286 :  2.1060493e-02  2.9513292e-02 
   287 :  2.0556051e-02  3.0387012e-02 
   288 :  2.0053020e-02  3.1258287e-02 
   289 :  1.9551092e-02  3.2127651e-02 
   290 :  1.8888889e-02  3.4641016e-02 
   291 :  1.7777778e-02  3.4641016e-02 
   292 :  1.6666667e-02  3.4641016e-02 
   293 :  1.5555556e-02  3.4641016e-02 
   294 :  1.4444444e-02  3.4641016e-02 
   295 :  1.3333333e-02  3.4641016e-02 
   296 :  1.2222222e-02  3.4641016e-02 
   297 :  1.1111111e-02  3.4641016e-02 
   298 :  1.8037500e-02  3.2995568e-02 
   299 :  1.7025000e-02  3.2995568e-02 
   300 :  1.6012500e-02  3.2995568e-02 
   301 :  1.5000000e-02  3.2995568e-02 
   302 :  1.3987500e-02  3.2995568e-02 
   303 :  1.2975000e-02  3.2995568e-02 
   304 :  1.1962500e-02  3.2995568e-02 
   305 :  9.4499247e-03  3.3688258e-02 
   306 :  8.8993051e-03  3.2734557e-02 
   307 :  8.3478730e-03  3.1779448e-02 
   308 :  7.7953051e-03  3.0822373e-02 
   309 :  7.2412211e-03  2.9862671e-02 
   310 :  6.6851818e-03  2.8899583e-02 
   311 :  6.1266869e-03  2.7932241e-02 
   312 :  5.5651711e-03  2.6959667e-02 
   313 :  1.0448908e-02  3.2127651e-02 
   314 :  9.9469804e-03  3.1258287e-02 
   315 :  9.4439493e-03  3.0387012e-02 
   316 :  8.9395070e-03  2.9513292e-02 
   317 :  8.4333050e-03  2.8636524e-02 
   318 :  7.9249519e-03  2.7756031e-02 
   319 :  7.4140116e-03  2.6871056e-02 
   320 :  5.5301840e-03  2.5062456e-02 
   321 :  6.0647862e-03  2.4136498e-02 
   322 :  6.6045082e-03  2.3201672e-02 
   323 :  7.1501243e-03  2.2256638e-02 
   324 :  7.7024903e-03  2.1299912e-02 
   325 :  8.2625525e-03  2.0329855e-02 
   326 :  8.8313597e-03  1.9344653e-02 
   327 :  9.4100764e-03  1.8342286e-02 
   328 :  7.4590809e-03  2.5012406e-02 
   329 :  8.0231137e-03  2.4035472e-02 
   330 :  8.5929272e-03  2.3048526e-02 
   331 :  9.1694414e-03  2.2049974e-02 
   332 :  9.7536784e-03  2.1038046e-02 
   333 :  1.0346775e-02  2.0010772e-02 
   334 :  1.1250000e-02  1.7320508e-02 
   335 :  1.2500000e-02  1.7320508e-02 
   336 :  1.3750000e-02  1.7320508e-02 
   337 :  1.5000000e-02  1.7320508e-02 
   338 :  1.6250000e-02  1.7320508e-02 
   339 :  1.7500000e-02  1.7320508e-02 
   340 :  1.8750000e-02  1.7320508e-02 
   341 :  1.2107143e-02  1.8965956e-02 
   342 :  1.3264286e-02  1.8965956e-02 
   343 :  1.4421429e-02  1.8965956e-02 
   344 :  1.5578571e-02  1.8965956e-02 
   345 :  1.6735714e-02  1.8965956e-02 
   346 :  1.7892857e-02  1.8965956e-02 
   347 :  2.0589924e-02  1.8342286e-02 
   348 :  2.1168640e-02  1.9344653e-02 
   349 :  2.1737447e-02  2.0329855e-02 
   350 :  2.2297510e-02  2.1299912e-02 
   351 :  2.2849876e-02  2.2256638e-02 
   352 :  2.3395492e-02  2.3201672e-02 
   353 :  2.3935214e-02  2.4136498e-02 
   354 :  2.4469816e-02  2.5062456e-02 
   355 :  1.9653225e-02  2.0010772e-02 
   356 :  2.0246322e-02  2.1038046e-02 
   357 :  2.0830559e-02  2.2049974e-02 
   358 :  2.1407073e-02  2.3048526e-02 
   359 :  2.1976886e-02  2.4035472e-02 
   360 :  2.2540919e-02  2.5012406e-02 
   361 :  3.9045236e-02  1.6536992e-03 
   362 :  3.8148387e-02  3.2070877e-03 
   363 :  3.7301509e-02  4.6739237e-03 
   364 :  3.6498019e-02  6.0656097e-03 
   365 :  3.5732402e-02  7.3916970e-03 
   366 :  3.7198746e-02  1.5610182e-03 
   367 :  3.6349342e-02  3.0322280e-03 
   368 :  3.5545038e-02  4.4253243e-03 
   369 :  3.4780182e-02  5.7500929e-03 
   370 :  3.3333333e-02  8.6602540e-03 
   371 :  3.1666667e-02  8.6602540e-03 
   372 :  3.0000000e-02  8.6602540e-03 
   373 :  2.8333333e-02  8.6602540e-03 
   374 :  2.6666667e-02  8.6602540e-03 
   375 :  3.2430000e-02  7.0148058e-03 
   376 :  3.0810000e-02  7.0148058e-03 
   377 :  2.9190000e-02  7.0148058e-03 
   378 :  2.7570000e-02  7.0148058e-03 
   379 :  2.4267598e-02  7.3916970e-03 
   380 :  2.3501981e-02  6.0656097e-03 
   381 :  2.2698491e-02  4.6739237e-03 
   382 :  2.1851613e-02  3.2070877e-03 
   383 :  2.0954764e-02  1.6536992e-03 
   384 :  2.5219818e-02  5.7500929e-03 
   385 :  2.4454962e-02  4.4253243e-03 
   386 :  2.3650658e-02  3.0322280e-03 
   387 :  2.2801254e-02  1.5610182e-03 
   388 :  2.1092721e-02 -1.8926486e-03 
   389 :  2.2276952e-02 -3.9437970e-03 
   390 :  2.3571323e-02 -6.1857123e-03 
   391 :  2.2808430e-02 -1.5734468e-03 
   392 :  2.3779012e-02 -3.2545450e-03 
   393 :  2.4821984e-02 -5.0610251e-03 
   394 :  2.7500000e-02 -8.6602540e-03 
   395 :  3.0000000e-02 -8.6602540e-03 
   396 :  3.2500000e-02 -8.6602540e-03 
   397 :  2.8650000e-02 -7.0148058e-03 
   398 :  3.1350000e-02 -7.0148058e-03 
   399 :  3.6428677e-02 -6.1857123e-03 
   400 :  3.7723048e-02 -3.9437970e-03 
   401 :  3.8907279e-02 -1.8926486e-03 
   402 :  3.5178016e-02 -5.0610251e-03 
   403 :  3.6220988e-02 -3.2545450e-03 
   404 :  3.7191570e-02 -1.5734468e-03 
   405 :  3.9410076e-02  1.8342286e-02 
   406 :  3.8831360e-02  1.9344653e-02 
   407 :  3.8262553e-02  2.0329855e-02 
   408 :  3.7702490e-02  2.1299912e-02 
   409 :  3.7150124e-02  2.2256638e-02 
   410 :  3.6604508e-02  2.3201672e-02 
   411 :  3.6064786e-02  2.4136498e-02 
   412 :  3.5530184e-02  2.5062456e-02 
   413 :  3.7492229e-02  1.8373199e-02 
   414 :  3.6896317e-02  1.9405349e-02 
   415 :  3.6310850e-02  2.0419406e-02 
   416 :  3.5734565e-02  2.1417562e-02 
   417 :  3.5166326e-02  2.2401781e-02 
   418 :  3.4605111e-02  2.3373833e-02 
   419 :  3.3888889e-02  2.5980762e-02 
   420 :  3.2777778e-02  2.5980762e-02 
   421 :  3.1666667e-02  2.5980762e-02 
   422 :  3.0555556e-02  2.5980762e-02 
   423 :  2.9444444e-02  2.5980762e-02 
   424 :  2.8333333e-02  2.5980762e-02 
   425 :  2.7222222e-02  2.5980762e-02 
   426 :  2.6111111e-02  2.5980762e-02 
   427 :  3.2892857e-02  2.4335314e-02 
   428 :  3.1735714e-02  2.4335314e-02 
   429 :  3.0578571e-02  2.4335314e-02 
   430 :  2.9421429e-02  2.4335314e-02 
   431 :  2.8264286e-02  2.4335314e-02 
   432 :  2.7107143e-02  2.4335314e-02 
   433 :  2.4469816e-02  2.5062456e-02 
   434 :  2.3935214e-02  2.4136498e-02 
   435 :  2.3395492e-02  2.3201672e-02 
   436 :  2.2849876e-02  2.2256638e-02 
   437 :  2.2297510e-02  2.1299912e-02 
   438 :  2.1737447e-02  2.0329855e-02 
   439 :  2.1168640e-02  1.9344653e-02 
   440 :  2.0589924e-02  1.8342286e-02 
   441 :  2.5394889e-02  2.3373833e-02 
   442 :  2.4833674e-02  2.2401781e-02 
   443 :  2.4265435e-02  2.1417562e-02 
   444 :  2.3689150e-02  2.0419406e-02 
   445 :  2.3103683e-02  1.9405349e-02 
   446 :  2.2507771e-02  1.8373199e-02 
   447 :  2.0650395e-02  1.6193990e-02 
   448 :  2.1317563e-02  1.5038422e-02 
   449 :  2.2003837e-02  1.3849761e-02 
   450 :  2.2711887e-02  1.2623382e-02 
   451 :  2.3444788e-02  1.1353960e-02 
   452 :  2.4206105e-02  1.0035321e-02 
   453 :  2.2528261e-02  1.6232328e-02 
   454 :  2.3172116e-02  1.5117139e-02 
   455 :  2.3833656e-02  1.3971318e-02 
   456 :  2.4515262e-02  1.2790741e-02 
   457 :  2.5219662e-02  1.1570684e-02 
   458 :  2.6666667e-02  8.6602540e-03 
   459 :  2.8333333e-02  8.6602540e-03 
   460 :  3.0000000e-02  8.6602540e-03 
   461 :  3.1666667e-02  8.6602540e-03 
   462 :  3.3333333e-02  8.6602540e-03 
   463 :  2.7300000e-02  1.0305702e-02 
   464 :  2.8650000e-02  1.0305702e-02 
   465 :  3.0000000e-02  1.0305702e-02 
   466 :  3.1350000e-02  1.0305702e-02 
   467 :  3.2700000e-02  1.0305702e-02 
   468 :  3.5793895e-02  1.0035321e-02 
   469 :  3.6555212e-02  1.1353960e-02 
   470 :  3.7288113e-02  1.2623382e-02 
   471 :  3.7996163e-02  1.3849761e-02 
   472 :  3.8682437e-02  1.5038422e-02 
   473 :  3.9349605e-02  1.6193990e-02 
   474 :  3.4780338e-02  1.1570684e-02 
   475 :  3.5484738e-02  1.2790741e-02 
   476 :  3.6166344e-02  1.3971318e-02 
   477 :  3.6827884e-02  1.5117139e-02 
   478 :  3.7471739e-02  1.6232328e-02 
   479 : -5.5301840e-03  2.5062456e-02 
   480 : -6.0647862e-03  2.4136498e-02 
   481 : -6.6045082e-03  2.3201672e-02 
   482 : -7.1501243e-03  2.2256638e-02 
   483 : -7.7024903e-03  2.1299912e-02 
   484 : -8.2625525e-03  2.0329855e-02 
   485 : -8.8313597e-03  1.9344653e-02 
   486 : -9.4100764e-03  1.8342286e-02 
   487 :  3.8888889e-03  2.5980762e-02 
   488 :  2.7777778e-03  2.5980762e-02 
   489 :  1.6666667e-03  2.5980762e-02 
   490 :  5.5555556e-04  2.5980762e-02 
   491 : -5.5555556e-04  2.5980762e-02 
   492 : -1.6666667e-03  2.5980762e-02 
   493 : -2.7777778e-03  2.5980762e-02 
   494 : -3.8888889e-03  2.5980762e-02 
   495 : -9.3496046e-03  1.6193990e-02 
   496 : -8.6824369e-03  1.5038422e-02 
   497 : -7.9961631e-03  1.3849761e-02 
   498 : -7.2881130e-03  1.2623382e-02 
   499 : -6.5552117e-03  1.1353960e-02 
   500 : -5.7938950e-03  1.0035321e-02 
   501 :  9.4499247e-03  3.3688258e-02 
   502 :  8.8993051e-03  3.2734557e-02 
   503 :  8.3478730e-03  3.1779448e-02 
   504 :  7.7953051e-03  3.0822373e-02 
   505 :  7.2412211e-03  2.9862671e-02 
   506 :  6.6851818e-03  2.8899583e-02 
   507 :  6.1266869e-03  2.7932241e-02 
   508 :  5.5651711e-03  2.6959667e-02 
   509 : -5.7324018e-03  7.3916970e-03 
   510 : -6.4980186e-03  6.0656097e-03 
   511 : -7.3015089e-03  4.6739237e-03 
   512 : -8.1483870e-03  3.2070877e-03 
   513 : -9.0452363e-03  1.6536992e-03 
   514 :  1.0000000e-02  3.6863424e-02 
   515 :  1.0000000e-02  3.5752398e-02 
   516 : -8.9072788e-03 -1.8926486e-03 
   517 : -7.7230477e-03 -3.9437970e-03 
   518 : -6.4286774e-03 -6.1857123e-03 
   519 :  1.8888889e-02  3.7974349e-02 
   520 :  1.7777778e-02  3.7974349e-02 
   521 :  1.6666667e-02  3.7974349e-02 
   522 :  1.5555556e-02  3.7974349e-02 
   523 :  1.4444444e-02  3.7974349e-02 
   524 :  1.3333333e-02  3.7974349e-02 
   525 :  1.2222222e-02  3.7974349e-02 
   526 :  1.1111111e-02  3.7974349e-02 
   527 : -7.5000000e-03 -8.6602540e-03 
   528 :  2.0000000e-02  3.5752398e-02 
   529 :  2.0000000e-02  3.6863424e-02 
   530 :  2.4434829e-02  2.6959667e-02 
   531 :  2.3873313e-02  2.7932241e-02 
   532 :  2.3314818e-02  2.8899583e-02 
   533 :  2.2758779e-02  2.9862671e-02 
   534 :  2.2204695e-02  3.0822373e-02 
   535 :  2.1652127e-02  3.1779448e-02 
   536 :  2.1100695e-02  3.2734557e-02 
   537 :  2.0550075e-02  3.3688258e-02 
   538 : -6.4285714e-03 -1.1993587e-02 
   539 : -2.8571429e-03 -1.1993587e-02 
   540 :  7.1428571e-04 -1.1993587e-02 
   541 :  4.2857143e-03 -1.1993587e-02 
   542 :  7.8571429e-03 -1.1993587e-02 
   543 :  1.1428571e-02 -1.1993587e-02 
   544 :  1.5000000e-02 -1.1993587e-02 
   545 :  1.8571429e-02 -1.1993587e-02 
   546 :  2.2142857e-02 -1.1993587e-02 
   547 :  2.5714286e-02 -1.1993587e-02 
   548 :  2.9285714e-02 -1.1993587e-02 
   549 :  3.2857143e-02 -1.1993587e-02 
   550 :  3.6428571e-02 -1.1993587e-02 
   551 :  3.3888889e-02  2.5980762e-02 
   552 :  3.2777778e-02  2.5980762e-02 
   553 :  3.1666667e-02  2.5980762e-02 
   554 :  3.0555556e-02  2.5980762e-02 
   555 :  2.9444444e-02  2.5980762e-02 
   556 :  2.8333333e-02  2.5980762e-02 
   557 :  2.7222222e-02  2.5980762e-02 
   558 :  2.6111111e-02  2.5980762e-02 
   559 :  3.9410076e-02  1.8342286e-02 
   560 :  3.8831360e-02  1.9344653e-02 
   561 :  3.8262553e-02  2.0329855e-02 
   562 :  3.7702490e-02  2.1299912e-02 
   563 :  3.7150124e-02  2.2256638e-02 
   564 :  3.6604508e-02  2.3201672e-02 
   565 :  3.6064786e-02  2.4136498e-02 
   566 :  3.5530184e-02  2.5062456e-02 
   567 :  3.7500000e-02 -8.6602540e-03 
   568 :  3.9349605e-02  1.6193990e-02 
   569 :  3.8682437e-02  1.5038422e-02 
   570 :  3.7996163e-02  1.3849761e-02 
   571 :  3.7288113e-02  1.2623382e-02 
   572 :  3.6555212e-02  1.1353960e-02 
   573 :  3.5793895e-02  1.0035321e-02 
   574 :  3.8907279e-02 -1.8926486e-03 
   575 :  3.7723048e-02 -3.9437970e-03 
   576 :  3.6428677e-02 -6.1857123e-03 
   577 :  3.5732402e-02  7.3916970e-03 
   578 :  3.6498019e-02  6.0656097e-03 
   579 :  3.7301509e-02  4.6739237e-03 
   580 :  3.8148387e-02  3.2070877e-03 
   581 :  3.9045236e-02  1.6536992e-03 
   582 :  2.3571323e-02 -6.1857123e-03 
   583 :  2.2276952e-02 -3.9437970e-03 
   584 :  2.1092721e-02 -1.8926486e-03 
   585 :  7.8571429e-03 -8.6602540e-03 
   586 :  1.0714286e-02 -8.6602540e-03 
   587 :  1.3571429e-02 -8.6602540e-03 
   588 :  1.6428571e-02 -8.6602540e-03 
   589 :  1.9285714e-02 -8.6602540e-03 
   590 :  2.2142857e-02 -8.6602540e-03 
   591 :  1.8000000e-02  0.0000000e+00 
   592 :  1.6000000e-02  0.0000000e+00 
   593 :  1.4000000e-02  0.0000000e+00 
   594 :  1.2000000e-02  0.0000000e+00 
   595 :  8.9072788e-03 -1.8926486e-03 
   596 :  7.7230477e-03 -3.9437970e-03 
   597 :  6.4286774e-03 -6.1857123e-03 
   598 :  1.6531689e-02  3.3678828e-02 
   599 :  1.3471714e-02  3.3777298e-02 
   600 :  1.5005821e-02  3.7019954e-02 
   601 :  1.7207956e-02  3.7000992e-02 
   602 :  1.2792526e-02  3.7015721e-02 
   603 :  1.9042533e-02  3.5196707e-02 
   604 :  1.0924121e-02  3.5216805e-02 
   605 :  5.7229631e-03  2.3371190e-02 
   606 :  2.4298797e-02  2.3359406e-02 
   607 :  6.8811008e-03  2.1414078e-02 
   608 :  2.3118899e-02  2.1414078e-02 
   609 :  2.1921969e-02  1.9349927e-02 
   610 :  8.0786852e-03  1.9365958e-02 
   611 :  1.8496141e-02  1.7970986e-02 
   612 :  1.9651871e-02  1.7958109e-02 
   613 :  1.1503859e-02  1.7970986e-02 
   614 :  1.0348129e-02  1.7958109e-02 
   615 :  9.5503749e-03  1.5565309e-02 
   616 :  2.0449625e-02  1.5565309e-02 
   617 :  1.6173877e-02  1.7950472e-02 
   618 :  1.3842857e-02  1.7963841e-02 
   619 :  2.1621263e-02  1.3475715e-02 
   620 :  8.3787371e-03  1.3475715e-02 
   621 :  6.3967382e-03  2.5037337e-02 
   622 :  2.3541339e-02  2.5044977e-02 
   623 :  2.2867763e-02  1.1292344e-02 
   624 :  7.1393657e-03  1.1296387e-02 
   625 :  7.4810453e-03  2.3068706e-02 
   626 :  2.2519999e-02  2.3065632e-02 
   627 :  3.3750000e-03  9.1365680e-03 
   628 :  2.6625000e-02  9.1365680e-03 
   629 :  4.6087316e-03  9.1931854e-03 
   630 :  2.5158021e-02  9.2896056e-03 
   631 :  8.6184179e-03  2.1059022e-02 
   632 :  2.1381852e-02  2.1057723e-02 
   633 :  5.5495714e-03  6.6714368e-03 
   634 :  2.4450429e-02  6.6714368e-03 
   635 :  3.2187645e-02  9.1389054e-03 
   636 : -1.9703122e-03  9.3007040e-03 
   637 :  6.7500000e-04  9.1712208e-03 
   638 :  2.9325000e-02  9.1712208e-03 
   639 :  2.1896102e-02  1.5123891e-02 
   640 :  8.1038984e-03  1.5123891e-02 
   641 :  6.8638699e-03  4.5389540e-03 
   642 :  2.3136130e-02  4.5389540e-03 
   643 :  1.8532049e-02  3.3807863e-02 
   644 :  1.1467930e-02  3.3812628e-02 
   645 :  2.3167099e-02  1.2799430e-02 
   646 :  6.8329006e-03  1.2799430e-02 
   647 :  2.3005893e-02  6.1039838e-03 
   648 :  6.9941072e-03  6.1039838e-03 
   649 :  3.3390948e-02  8.4060869e-03 
   650 : -3.4446082e-03  8.2223683e-03 
   651 :  3.2894238e-02 -9.0871467e-03 
   652 :  2.6100336e-03 -9.2135676e-03 
   653 : -2.9150211e-03 -9.1020993e-03 
   654 :  2.7375121e-02 -9.2028871e-03 
   655 :  1.3140071e-02  1.6853668e-02 
   656 :  1.6874005e-02  1.6845733e-02 
   657 :  2.1892716e-02  3.3591441e-03 
   658 :  8.1058075e-03  3.3582917e-03 
   659 :  9.0677549e-03  1.6276048e-03 
   660 :  2.0931999e-02  1.6277469e-03 
   661 :  2.3046043e-02  2.4069548e-02 
   662 :  6.9503344e-03  2.4090812e-02 
   663 :  2.3786481e-02  1.0041256e-02 
   664 :  6.3780275e-03  1.0108753e-02 
   665 :  1.6108522e-02  3.7018364e-02 
   666 :  1.5557106e-02  3.6075450e-02 
   667 :  1.4473031e-02  3.6072704e-02 
   668 :  1.5004557e-02  3.5093593e-02 
   669 :  1.6077674e-02  3.5148854e-02 
   670 :  1.3945904e-02  3.5194730e-02 
   671 :  1.3370670e-02  3.6081409e-02 
   672 :  1.2726107e-02  3.5148057e-02 
   673 :  1.6638727e-02  3.6064727e-02 
   674 :  1.7273797e-02  3.5127448e-02 
   675 :  1.7800730e-02  3.6139931e-02 
   676 :  1.8317079e-02  3.7013310e-02 
   677 :  1.4406328e-02  3.4151215e-02 
   678 :  1.5663212e-02  3.4096608e-02 
   679 :  1.9095102e-02  1.7113988e-02 
   680 :  2.0307164e-02  1.6864010e-02 
   681 :  2.0838657e-02  1.7970477e-02 
   682 :  1.0904898e-02  1.7113988e-02 
   683 :  9.6928362e-03  1.6864010e-02 
   684 :  9.1613434e-03  1.7970477e-02 
   685 :  1.1672269e-02  3.7034516e-02 
   686 :  1.2197678e-02  3.6168525e-02 
   687 :  7.4482164e-03  2.0389378e-02 
   688 :  2.2552197e-02  2.0388176e-02 
   689 :  9.1237629e-03  1.9960754e-02 
   690 :  2.0876343e-02  1.9954818e-02 
   691 :  8.0745659e-03  2.2092739e-02 
   692 :  2.1941194e-02  2.2077276e-02 
   693 :  6.2730970e-03  2.2384965e-02 
   694 :  2.3713812e-02  2.2403269e-02 
   695 :  2.4894088e-02  2.4278221e-02 
   696 :  5.1266551e-03  2.4297237e-02 
   697 :  1.3903998e-02  3.7022722e-02 
   698 :  9.7951781e-03  1.8953028e-02 
   699 :  2.0204840e-02  1.8952039e-02 
   700 :  1.7435852e-02  3.3989290e-02 
   701 :  1.2569243e-02  3.4010855e-02 
   702 :  1.5631767e-02  1.6819184e-02 
   703 :  1.4377449e-02  1.6825109e-02 
   704 :  1.5004325e-02  1.7915086e-02 
   705 : -6.6588536e-04  9.2043523e-03 
   706 :  2.0250000e-03  9.1596488e-03 
   707 :  2.7975000e-02  9.1596488e-03 
   708 :  3.0702107e-02  9.1773858e-03 
   709 :  8.6443146e-03  1.6256185e-02 
   710 :  2.1355685e-02  1.6256185e-02 
   711 :  1.7367243e-02  1.7956329e-02 
   712 :  1.2637892e-02  1.7959880e-02 
   713 :  1.1043035e-02  3.6239247e-02 
   714 :  1.1873078e-02  3.4717032e-02 
   715 :  1.8945823e-02  3.6224519e-02 
   716 :  9.2088321e-03  1.4448690e-02 
   717 :  2.0791168e-02  1.4448690e-02 
   718 :  1.8157476e-02  3.4688575e-02 
   719 :  3.0238889e-02 -9.3570059e-03 
   720 : -2.7875813e-04 -9.3856907e-03 
   721 :  7.2619528e-03  1.4097498e-02 
   722 :  2.2738047e-02  1.4097498e-02 
   723 :  1.9524992e-02  3.3754414e-02 
   724 :  1.0475004e-02  3.3755208e-02 
   725 : -6.1673633e-03  2.2318270e-02 
   726 :  3.6167363e-02  2.2318270e-02 
   727 :  2.0040320e-02  3.2896034e-02 
   728 :  9.9596794e-03  3.2896167e-02 
   729 :  3.5618555e-02  2.3271784e-02 
   730 : -5.6185546e-03  2.3271784e-02 
   731 :  2.4024129e-02  2.5957545e-02 
   732 :  5.9763232e-03  2.5984755e-02 
   733 :  3.5074803e-02  2.4217677e-02 
   734 : -5.0748034e-03  2.4217677e-02 
   735 : -6.7256517e-03  2.1354331e-02 
   736 :  3.6725652e-02  2.1354331e-02 
   737 :  3.0000000e-02  2.5160575e-02 
   738 :  5.2041704e-18  2.5160575e-02 
   739 : -4.5405752e-03  2.5120156e-02 
   740 :  3.4540575e-02  2.5120156e-02 
   741 :  9.4409988e-03  3.1999220e-02 
   742 :  2.0559001e-02  3.1999197e-02 
   743 :  6.4988781e-03  2.6903693e-02 
   744 :  2.3501197e-02  2.6899158e-02 
   745 :  3.1126455e-02  2.5162105e-02 
   746 :  1.1264550e-03  2.5162105e-02 
   747 :  2.8873545e-02  2.5162105e-02 
   748 : -1.1264550e-03  2.5162105e-02 
   749 :  2.2057834e-02  1.2213229e-02 
   750 :  7.9435916e-03  1.2214037e-02 
   751 :  2.1079927e-02  3.1094944e-02 
   752 :  8.9200732e-03  3.1094948e-02 
   753 :  7.0298901e-03  2.7822311e-02 
   754 :  2.2970122e-02  2.7821556e-02 
   755 : -7.2939778e-03  2.0375493e-02 
   756 :  3.7293978e-02  2.0375493e-02 
   757 :  2.1603173e-02  3.0187980e-02 
   758 :  8.3968274e-03  3.0187980e-02 
   759 :  7.5592431e-03  2.8737451e-02 
   760 :  2.2440759e-02  2.8737325e-02 
   761 :  2.2784832e-03  2.5150589e-02 
   762 :  3.2278483e-02  2.5150589e-02 
   763 :  2.7721517e-02  2.5150589e-02 
   764 : -2.2784832e-03  2.5150589e-02 
   765 :  8.1140207e-03  2.9387584e-02 
   766 :  2.1885980e-02  2.9387558e-02 
   767 :  4.5361894e-03  2.5131618e-02 
   768 :  1.5191065e-06  8.1056441e-03 
   769 :  3.0004518e-02  8.1011497e-03 
   770 :  2.5466995e-02  2.5129442e-02 
   771 :  3.3437416e-02  2.5130300e-02 
   772 :  3.4232887e-03  2.5140074e-02 
   773 : -3.4374159e-03  2.5130300e-02 
   774 :  2.6577090e-02  2.5139815e-02 
   775 :  3.7871534e-02  1.9381063e-02 
   776 : -7.8715335e-03  1.9381063e-02 
   777 :  6.3876821e-03 -4.6112699e-03 
   778 : -6.3876821e-03 -4.6112699e-03 
   779 :  2.3612318e-02 -4.6112699e-03 
   780 :  3.6387682e-02 -4.6112699e-03 
   781 :  5.2025172e-03  1.0483617e-02 
   782 :  2.4061059e-02  1.1497558e-02 
   783 :  5.9467551e-03  1.1641696e-02 
   784 :  1.1906120e-02  1.6874774e-02 
   785 :  1.8097082e-02  1.6872859e-02 
   786 :  2.4835045e-02  1.0540961e-02 
   787 :  3.8459200e-02  1.8369153e-02 
   788 : -8.4591997e-03  1.8369153e-02 
   789 :  3.9814186e-03  8.3199006e-03 
   790 :  2.5965251e-02  8.2947083e-03 
   791 :  2.8560753e-02  8.1045847e-03 
   792 :  1.4402532e-03  8.1053337e-03 
   793 : -1.3500000e-03  8.1143399e-03 
   794 :  3.1350000e-02  8.1143399e-03 
   795 :  6.4285714e-03 -1.0326921e-02 
   796 :  2.3571429e-02 -1.0326921e-02 
   797 :  2.3948019e-02  2.4185148e-02 
   798 : -8.9825761e-03  1.7362795e-02 
   799 :  3.8982576e-02  1.7362795e-02 
   800 :  2.4491252e-02  2.5134690e-02 
   801 :  5.5112946e-03  2.5135955e-02 
   802 :  6.0464700e-03  2.4204359e-02 
   803 :  2.7107667e-02  8.1208536e-03 
   804 :  2.8836120e-03  8.1251771e-03 
   805 :  1.9168445e-02  3.7142841e-02 
   806 :  6.6005290e-03  2.3236931e-02 
   807 :  2.1130552e-02  1.8865621e-02 
   808 :  8.8809146e-03  1.8874309e-02 
   809 :  5.0823138e-03  7.9575089e-03 
   810 :  2.4859660e-02  7.9599043e-03 
   811 :  1.0813421e-02  3.7160978e-02 
   812 :  6.4135072e-03  7.6049546e-03 
   813 :  2.3576322e-02  7.6003236e-03 
   814 :  2.3397844e-02  2.3221007e-02 
   815 :  2.2827543e-02  2.2237567e-02 
   816 : -8.3919615e-03  1.6244560e-02 
   817 :  3.8391961e-02  1.6244560e-02 
   818 :  7.1738294e-03  2.2240886e-02 
   819 :  5.8981054e-03  5.5123470e-03 
   820 :  2.4101895e-02  5.5123470e-03 
   821 :  5.8000612e-03  8.9606409e-03 
   822 : -3.3143532e-03  9.3526442e-03 
   823 :  3.3439799e-02  9.4042067e-03 
   824 :  7.7481178e-03  2.1239763e-02 
   825 : -8.2397959e-03 -1.0294122e-02 
   826 :  3.8239796e-02 -1.0294122e-02 
   827 :  2.2248660e-02  2.1232962e-02 
   828 :  3.7745067e-02  1.5113039e-02 
   829 : -7.7450672e-03  1.5113039e-02 
   830 :  2.4138359e-02  8.9037851e-03 
   831 :  1.8291972e-02  3.5463023e-02 
   832 :  2.1703054e-02  2.0268186e-02 
   833 :  8.2968537e-03  2.0269814e-02 
   834 :  1.1693754e-02  3.5478080e-02 
   835 :  2.0714286e-02 -1.0326921e-02 
   836 :  9.2857143e-03 -1.0326921e-02 
   837 :  3.2339648e-02  8.1685345e-03 
   838 : -2.3718730e-03  8.4355136e-03 
   839 :  2.2489279e-02 -2.6661094e-03 
   840 : -7.5107210e-03 -2.6661094e-03 
   841 :  3.7510721e-02 -2.6661094e-03 
   842 :  7.5107210e-03 -2.6661094e-03 
   843 :  3.7153533e-02  1.4164853e-02 
   844 : -7.1535328e-03  1.4164853e-02 
   845 :  3.6269963e-02 -1.0063926e-02 
   846 :  3.4689983e-02 -1.0359700e-02 
   847 : -6.2699625e-03 -1.0063926e-02 
   848 : -4.6941396e-03 -1.0362691e-02 
   849 :  8.0098870e-03  4.9565965e-03 
   850 :  2.1989962e-02  4.9566835e-03 
   851 :  2.1669256e-02  1.8242350e-02 
   852 :  8.3341521e-03  1.8275514e-02 
   853 :  1.9051410e-02  3.4417715e-02 
   854 :  1.0948027e-02  3.4428538e-02 
   855 :  1.6600242e-02  3.4466612e-02 
   856 :  1.3423325e-02  3.4532210e-02 
Number of edges 596 
     0 :      0     98 
     1 :     98     99 
     2 :     99    100 
     3 :    100    101 
     4 :    101    102 
     5 :    102      2 
     6 :      1    103 
     7 :    103    104 
     8 :    104    105 
     9 :    105    106 
    10 :    106      3 
    11 :      2    107 
    12 :    107    108 
    13 :    108    109 
    14 :    109    110 
    15 :    110    111 
    16 :    111      4 
    17 :      3    112 
    18 :    112    113 
    19 :    113    114 
    20 :    114    115 
    21 :    115      5 
    22 :      4    116 
    23 :    116    117 
    24 :    117    118 
    25 :    118    119 
    26 :    119    120 
    27 :    120      6 
    28 :      5    121 
    29 :    121    122 
    30 :    122    123 
    31 :    123    124 
    32 :    124      7 
    33 :      6    125 
    34 :    125    126 
    35 :    126    127 
    36 :    127      8 
    37 :      7    128 
    38 :    128    129 
    39 :    129    130 
    40 :    130      9 
    41 :      8    131 
    42 :    131    132 
    43 :    132    133 
    44 :    133     10 
    45 :      9    134 
    46 :    134    135 
    47 :    135     11 
    48 :     10    136 
    49 :    136    137 
    50 :    137    138 
    51 :    138      0 
    52 :     11    139 
    53 :    139    140 
    54 :    140    141 
    55 :    141      1 
    56 :     13    142 
    57 :    142    143 
    58 :    143    144 
    59 :    144    145 
    60 :    145    146 
    61 :    146    147 
    62 :    147    148 
    63 :    148    149 
    64 :    149     15 
    65 :     14    150 
    66 :    150    151 
    67 :    151    152 
    68 :    152    153 
    69 :    153    154 
    70 :    154    155 
    71 :    155     16 
    72 :     15    156 
    73 :    156    157 
    74 :    157    158 
    75 :    158    159 
    76 :    159    160 
    77 :    160    161 
    78 :    161    162 
    79 :    162    163 
    80 :    163     17 
    81 :     16    164 
    82 :    164    165 
    83 :    165    166 
    84 :    166    167 
    85 :    167    168 
    86 :    168    169 
    87 :    169     18 
    88 :     17    170 
    89 :    170    171 
    90 :    171    172 
    91 :    172    173 
    92 :    173    174 
    93 :    174    175 
    94 :    175    176 
    95 :    176    177 
    96 :    177     19 
    97 :     18    178 
    98 :    178    179 
    99 :    179    180 
   100 :    180    181 
   101 :    181    182 
   102 :    182    183 
   103 :    183     20 
   104 :     19    184 
   105 :    184    185 
   106 :    185    186 
   107 :    186    187 
   108 :    187    188 
   109 :    188    189 
   110 :    189     21 
   111 :     20    190 
   112 :    190    191 
   113 :    191    192 
   114 :    192    193 
   115 :    193    194 
   116 :    194     22 
   117 :     21    195 
   118 :    195    196 
   119 :    196    197 
   120 :    197    198 
   121 :    198    199 
   122 :    199     23 
   123 :     22    200 
   124 :    200    201 
   125 :    201    202 
   126 :    202    203 
   127 :    203    204 
   128 :    204     24 
   129 :     23    205 
   130 :    205    206 
   131 :    206    207 
   132 :    207    208 
   133 :    208    209 
   134 :    209    210 
   135 :    210     13 
   136 :     24    211 
   137 :    211    212 
   138 :    212    213 
   139 :    213    214 
   140 :    214    215 
   141 :    215     14 
   142 :     25    216 
   143 :    216    217 
   144 :    217    218 
   145 :    218    219 
   146 :    219    220 
   147 :    220    221 
   148 :    221     27 
   149 :     26    222 
   150 :    222    223 
   151 :    223    224 
   152 :    224    225 
   153 :    225    226 
   154 :    226     28 
   155 :     27    227 
   156 :    227    228 
   157 :    228    229 
   158 :    229    230 
   159 :    230    231 
   160 :    231    232 
   161 :    232    233 
   162 :    233     29 
   163 :     28    234 
   164 :    234    235 
   165 :    235    236 
   166 :    236    237 
   167 :    237    238 
   168 :    238     30 
   169 :     29    239 
   170 :    239    240 
   171 :    240    241 
   172 :    241    242 
   173 :    242    243 
   174 :    243    244 
   175 :    244     31 
   176 :     30    245 
   177 :    245    246 
   178 :    246    247 
   179 :    247    248 
   180 :    248    249 
   181 :    249     32 
   182 :     31    250 
   183 :    250    251 
   184 :    251    252 
   185 :    252    253 
   186 :    253    254 
   187 :    254     33 
   188 :     32    255 
   189 :    255    256 
   190 :    256    257 
   191 :    257    258 
   192 :    258     34 
   193 :     33    259 
   194 :    259    260 
   195 :    260    261 
   196 :    261    262 
   197 :    262     35 
   198 :     34    263 
   199 :    263    264 
   200 :    264    265 
   201 :    265     36 
   202 :     35    266 
   203 :    266    267 
   204 :    267    268 
   205 :    268    269 
   206 :    269    270 
   207 :    270     25 
   208 :     36    271 
   209 :    271    272 
   210 :    272    273 
   211 :    273    274 
   212 :    274     26 
   213 :     37    275 
   214 :    275    276 
   215 :    276    277 
   216 :    277    278 
   217 :    278    279 
   218 :    279    280 
   219 :    280    281 
   220 :    281    282 
   221 :    282     39 
   222 :     38    283 
   223 :    283    284 
   224 :    284    285 
   225 :    285    286 
   226 :    286    287 
   227 :    287    288 
   228 :    288    289 
   229 :    289     40 
   230 :     39    290 
   231 :    290    291 
   232 :    291    292 
   233 :    292    293 
   234 :    293    294 
   235 :    294    295 
   236 :    295    296 
   237 :    296    297 
   238 :    297     41 
   239 :     40    298 
   240 :    298    299 
   241 :    299    300 
   242 :    300    301 
   243 :    301    302 
   244 :    302    303 
   245 :    303    304 
   246 :    304     42 
   247 :     41    305 
   248 :    305    306 
   249 :    306    307 
   250 :    307    308 
   251 :    308    309 
   252 :    309    310 
   253 :    310    311 
   254 :    311    312 
   255 :    312     43 
   256 :     42    313 
   257 :    313    314 
   258 :    314    315 
   259 :    315    316 
   260 :    316    317 
   261 :    317    318 
   262 :    318    319 
   263 :    319     44 
   264 :     43    320 
   265 :    320    321 
   266 :    321    322 
   267 :    322    323 
   268 :    323    324 
   269 :    324    325 
   270 :    325    326 
   271 :    326    327 
   272 :    327     45 
   273 :     44    328 
   274 :    328    329 
   275 :    329    330 
   276 :    330    331 
   277 :    331    332 
   278 :    332    333 
   279 :    333     46 
   280 :     45    334 
   281 :    334    335 
   282 :    335    336 
   283 :    336    337 
   284 :    337    338 
   285 :    338    339 
   286 :    339    340 
   287 :    340     47 
   288 :     46    341 
   289 :    341    342 
   290 :    342    343 
   291 :    343    344 
   292 :    344    345 
   293 :    345    346 
   294 :    346     48 
   295 :     47    347 
   296 :    347    348 
   297 :    348    349 
   298 :    349    350 
   299 :    350    351 
   300 :    351    352 
   301 :    352    353 
   302 :    353    354 
   303 :    354     37 
   304 :     48    355 
   305 :    355    356 
   306 :    356    357 
   307 :    357    358 
   308 :    358    359 
   309 :    359    360 
   310 :    360     38 
   311 :     49    361 
   312 :    361    362 
   313 :    362    363 
   314 :    363    364 
   315 :    364    365 
   316 :    365     51 
   317 :     50    366 
   318 :    366    367 
   319 :    367    368 
   320 :    368    369 
   321 :    369     52 
   322 :     51    370 
   323 :    370    371 
   324 :    371    372 
   325 :    372    373 
   326 :    373    374 
   327 :    374     53 
   328 :     52    375 
   329 :    375    376 
   330 :    376    377 
   331 :    377    378 
   332 :    378     54 
   333 :     53    379 
   334 :    379    380 
   335 :    380    381 
   336 :    381    382 
   337 :    382    383 
   338 :    383     55 
   339 :     54    384 
   340 :    384    385 
   341 :    385    386 
   342 :    386    387 
   343 :    387     56 
   344 :     55    388 
   345 :    388    389 
   346 :    389    390 
   347 :    390     57 
   348 :     56    391 
   349 :    391    392 
   350 :    392    393 
   351 :    393     58 
   352 :     57    394 
   353 :    394    395 
   354 :    395    396 
   355 :    396     59 
   356 :     58    397 
   357 :    397    398 
   358 :    398     60 
   359 :     59    399 
   360 :    399    400 
   361 :    400    401 
   362 :    401     49 
   363 :     60    402 
   364 :    402    403 
   365 :    403    404 
   366 :    404     50 
   367 :     62    405 
   368 :    405    406 
   369 :    406    407 
   370 :    407    408 
   371 :    408    409 
   372 :    409    410 
   373 :    410    411 
   374 :    411    412 
   375 :    412     64 
   376 :     63    413 
   377 :    413    414 
   378 :    414    415 
   379 :    415    416 
   380 :    416    417 
   381 :    417    418 
   382 :    418     65 
   383 :     64    419 
   384 :    419    420 
   385 :    420    421 
   386 :    421    422 
   387 :    422    423 
   388 :    423    424 
   389 :    424    425 
   390 :    425    426 
   391 :    426     66 
   392 :     65    427 
   393 :    427    428 
   394 :    428    429 
   395 :    429    430 
   396 :    430    431 
   397 :    431    432 
   398 :    432     67 
   399 :     66    433 
   400 :    433    434 
   401 :    434    435 
   402 :    435    436 
   403 :    436    437 
   404 :    437    438 
   405 :    438    439 
   406 :    439    440 
   407 :    440     68 
   408 :     67    441 
   409 :    441    442 
   410 :    442    443 
   411 :    443    444 
   412 :    444    445 
   413 :    445    446 
   414 :    446     69 
   415 :     68    447 
   416 :    447    448 
   417 :    448    449 
   418 :    449    450 
   419 :    450    451 
   420 :    451    452 
   421 :    452     70 
   422 :     69    453 
   423 :    453    454 
   424 :    454    455 
   425 :    455    456 
   426 :    456    457 
   427 :    457     71 
   428 :     70    458 
   429 :    458    459 
   430 :    459    460 
   431 :    460    461 
   432 :    461    462 
   433 :    462     72 
   434 :     71    463 
   435 :    463    464 
   436 :    464    465 
   437 :    465    466 
   438 :    466    467 
   439 :    467     73 
   440 :     72    468 
   441 :    468    469 
   442 :    469    470 
   443 :    470    471 
   444 :    471    472 
   445 :    472    473 
   446 :    473     62 
   447 :     73    474 
   448 :    474    475 
   449 :    475    476 
   450 :    476    477 
   451 :    477    478 
   452 :    478     63 
   453 :     74    479 
   454 :    479    480 
   455 :    480    481 
   456 :    481    482 
   457 :    482    483 
   458 :    483    484 
   459 :    484    485 
   460 :    485    486 
   461 :    486     75 
   462 :     76    487 
   463 :    487    488 
   464 :    488    489 
   465 :    489    490 
   466 :    490    491 
   467 :    491    492 
   468 :    492    493 
   469 :    493    494 
   470 :    494     74 
   471 :     75    495 
   472 :    495    496 
   473 :    496    497 
   474 :    497    498 
   475 :    498    499 
   476 :    499    500 
   477 :    500     77 
   478 :     78    501 
   479 :    501    502 
   480 :    502    503 
   481 :    503    504 
   482 :    504    505 
   483 :    505    506 
   484 :    506    507 
   485 :    507    508 
   486 :    508     76 
   487 :     77    509 
   488 :    509    510 
   489 :    510    511 
   490 :    511    512 
   491 :    512    513 
   492 :    513     79 
   493 :     80    514 
   494 :    514    515 
   495 :    515     78 
   496 :     79    516 
   497 :    516    517 
   498 :    517    518 
   499 :    518     81 
   500 :     82    519 
   501 :    519    520 
   502 :    520    521 
   503 :    521    522 
   504 :    522    523 
   505 :    523    524 
   506 :    524    525 
   507 :    525    526 
   508 :    526     80 
   509 :     81    527 
   510 :    527     83 
   511 :     84    528 
   512 :    528    529 
   513 :    529     82 
   514 :     83     85 
   515 :     86    530 
   516 :    530    531 
   517 :    531    532 
   518 :    532    533 
   519 :    533    534 
   520 :    534    535 
   521 :    535    536 
   522 :    536    537 
   523 :    537     84 
   524 :     85    538 
   525 :    538    539 
   526 :    539    540 
   527 :    540    541 
   528 :    541    542 
   529 :    542    543 
   530 :    543    544 
   531 :    544    545 
   532 :    545    546 
   533 :    546    547 
   534 :    547    548 
   535 :    548    549 
   536 :    549    550 
   537 :    550     87 
   538 :     88    551 
   539 :    551    552 
   540 :    552    553 
   541 :    553    554 
   542 :    554    555 
   543 :    555    556 
   544 :    556    557 
   545 :    557    558 
   546 :    558     86 
   547 :     87     89 
   548 :     90    559 
   549 :    559    560 
   550 :    560    561 
   551 :    561    562 
   552 :    562    563 
   553 :    563    564 
   554 :    564    565 
   555 :    565    566 
   556 :    566     88 
   557 :     91    567 
   558 :    567     89 
   559 :     90    568 
   560 :    568    569 
   561 :    569    570 
   562 :    570    571 
   563 :    571    572 
   564 :    572    573 
   565 :    573     92 
   566 :     93    574 
   567 :    574    575 
   568 :    575    576 
   569 :    576     91 
   570 :     92    577 
   571 :    577    578 
   572 :    578    579 
   573 :    579    580 
   574 :    580    581 
   575 :    581     93 
   576 :     94    582 
   577 :    582    583 
   578 :    583    584 
   579 :    584     95 
   580 :     96    585 
   581 :    585    586 
   582 :    586    587 
   583 :    587    588 
   584 :    588    589 
   585 :    589    590 
   586 :    590     94 
   587 :     95    591 
   588 :    591    592 
   589 :    592    593 
   590 :    593    594 
   591 :    594     97 
   592 :     97    595 
   593 :    595    596 
   594 :    596    597 
   595 :    597     96 
Number of triangles 880 
     0 :    682    683     30
     1 :     28    680    679
     2 :    498    193    192
     3 :    475    571    476
     4 :     73     92    573
     5 :    500     77     22
     6 :     69    681    680
     7 :    683    684     14
     8 :     30    683    615
     9 :    616    680     28
    10 :    301    677    302
    11 :    572    571    475
    12 :    499    193    498
    13 :    680    710     69
    14 :     14    709    683
    15 :     96    652    541
    16 :    547    654     94
    17 :    668    678    669
    18 :     73    823     92
    19 :     77    822     22
    20 :    679    785     28
    21 :     30    784    682
    22 :     22    194    500
    23 :     73    573    474
    24 :    499    194    193
    25 :    474    572    475
    26 :     28    785    234
    27 :    238    784     30
    28 :    474    573    572
    29 :    500    194    499
    30 :      5     77    509
    31 :    577     92     52
    32 :    509    121      5
    33 :     52    369    577
    34 :    386    657    387
    35 :    103    658    104
    36 :    615    709    640
    37 :    639    710    616
    38 :    577    369    578
    39 :    510    121    509
    40 :     92    649     52
    41 :      5    650     77
    42 :    640    716    615
    43 :    616    717    639
    44 :    678    855    669
    45 :    369    368    578
    46 :    510    122    121
    47 :    588    545    589
    48 :    543    587    586
    49 :    301    678    677
    50 :    544    545    588
    51 :    544    587    543
    52 :    578    368    579
    53 :    511    122    510
    54 :    302    677    599
    55 :    639    717    619
    56 :    620    716    640
    57 :    642    657    386
    58 :    104    658    641
    59 :    516      7     79
    60 :     95    584     56
    61 :    595     97      1
    62 :     50    574     93
    63 :    663    782    623
    64 :    663    786    782
    65 :    571    843    476
    66 :    192    844    498
    67 :    619    722    639
    68 :    640    721    620
    69 :    548    654    547
    70 :    541    652    540
    71 :    651    719    549
    72 :    511    123    122
    73 :    579    368    367
    74 :    505    765    758
    75 :    757    766    533
    76 :     94    796    547
    77 :    541    795     96
    78 :    624    783    664
    79 :    664    783    781
    80 :    620    721    646
    81 :    645    722    619
    82 :    677    678    668
    83 :    598    855    678
    84 :    646    750    620
    85 :    619    749    645
    86 :     92    823    649
    87 :    650    822     77
    88 :    588    587    544
    89 :    579    367    580
    90 :    512    123    511
    91 :    505    758    504
    92 :    534    757    533
    93 :    701    856    672
    94 :    675    715    676
    95 :    258    659     34
    96 :    657    660    387
    97 :    103    659    658
    98 :     52    649    375
    99 :    115    650      5
   100 :     36    660    271
   101 :    672    714    701
   102 :    655    703    618
   103 :    392    779    393
   104 :    129    778    130
   105 :    139    777    140
   106 :    402    780    403
   107 :    674    855    700
   108 :    675    831    715
   109 :    580    367    366
   110 :    512    124    123
   111 :    539    720    653
   112 :    700    718    674
   113 :    617    702    656
   114 :    645    749    623
   115 :    624    750    646
   116 :    685    713    686
   117 :    516    128      7
   118 :     56    584    391
   119 :      1    141    595
   120 :     50    404    574
   121 :    658    659    258
   122 :    580    366    581
   123 :    513    124    512
   124 :    533    766    760
   125 :    759    765    505
   126 :    271    660    657
   127 :    671    686    672
   128 :    646    783    624
   129 :    623    782    645
   130 :    533    760    532
   131 :    506    759    505
   132 :    602    686    671
   133 :    504    758    752
   134 :    751    757    534
   135 :    504    752    503
   136 :    535    751    534
   137 :    237    703    655
   138 :     34    659     97
   139 :    789    804      3
   140 :     54    803    790
   141 :     95    660     36
   142 :    549    719    548
   143 :      7    124    513
   144 :    581    366     50
   145 :    263     34    594
   146 :    591     36    265
   147 :    702    704    703
   148 :    649    837    375
   149 :     34     97    594
   150 :    591     95     36
   151 :    713    834    686
   152 :    520    676    519
   153 :     79      7    513
   154 :     93    581     50
   155 :    630    786    663
   156 :    671    697    602
   157 :    548    719    654
   158 :    652    720    540
   159 :      3    804    112
   160 :    378    803     54
   161 :    617    704    702
   162 :     11    652     96
   163 :     94    654     58
   164 :     85    825     83
   165 :     89    826     87
   166 :    135    652     11
   167 :     58    654    397
   168 :    686    834    672
   169 :    403    841    404
   170 :    140    842    141
   171 :    391    839    392
   172 :    128    840    129
   173 :    656    711    617
   174 :    618    712    655
   175 :    360    622     38
   176 :     44    621    328
   177 :    263    593    264
   178 :    265    264    592
   179 :    540    720    539
   180 :    300    678    301
   181 :    669    673    666
   182 :    601    676    520
   183 :    329    662    625
   184 :    532    754    531
   185 :    507    753    506
   186 :    656    702    235
   187 :    629    821    781
   188 :     96    795    585
   189 :    590    796     94
   190 :    594    593    263
   191 :    592    591    265
   192 :    234    656    235
   193 :    237    655    238
   194 :    666    673    665
   195 :    532    760    754
   196 :    753    759    506
   197 :    602    697    524
   198 :    669    674    673
   199 :    503    741    502
   200 :    536    742    535
   201 :    663    830    630
   202 :    665    673    601
   203 :    222    663    623
   204 :    360    661    622
   205 :    387    660     56
   206 :    598    678    300
   207 :     26    663    222
   208 :    521    665    601
   209 :    634    813    647
   210 :    648    812    633
   211 :    264    593    592
   212 :    271    657    272
   213 :    257    658    258
   214 :    703    704    618
   215 :    104    641    105
   216 :    385    642    386
   217 :    685    686    602
   218 :     56    660     95
   219 :    670    677    668
   220 :    667    668    666
   221 :      1    659    103
   222 :    152    687    607
   223 :    608    688    444
   224 :    600    666    665
   225 :    444    688    445
   226 :    151    687    152
   227 :    600    697    667
   228 :    599    856    701
   229 :    672    834    714
   230 :    667    697    671
   231 :     97    659      1
   232 :    742    751    535
   233 :    503    752    741
   234 :    498    844    497
   235 :    570    843    571
   236 :    616    710    680
   237 :    683    709    615
   238 :    626    661    359
   239 :    333    698     46
   240 :     48    699    355
   241 :    248    624    249
   242 :    222    623    223
   243 :    525    685    602
   244 :    359    661    360
   245 :    667    670    668
   246 :    668    669    666
   247 :    600    667    666
   248 :    273    647    274
   249 :    255    648    256
   250 :    673    675    601
   251 :    675    676    601
   252 :    600    665    522
   253 :    155    696     16
   254 :    246    620    247
   255 :    224    619    225
   256 :    455    645    456
   257 :    212    646    213
   258 :    115    838    650
   259 :    605    696    155
   260 :    528    603     84
   261 :     78    604    515
   262 :    453    639    454
   263 :    214    640    215
   264 :    642    820    647
   265 :    648    819    641
   266 :    523    600    522
   267 :    521    601    520
   268 :    525    602    524
   269 :    493    773    764
   270 :    762    771    552
   271 :    557    774    763
   272 :    761    772    488
   273 :    398    651     60
   274 :      9    653    134
   275 :    781    821    664
   276 :    249    664     32
   277 :    441    695    606
   278 :    443    694    608
   279 :    331    691    631
   280 :    150    610    151
   281 :    445    609    446
   282 :     60    651     91
   283 :     81    653      9
   284 :    445    688    609
   285 :    610    687    151
   286 :    658    849    641
   287 :    642    850    657
   288 :    647    820    634
   289 :    633    819    648
   290 :     67    695    441
   291 :    522    665    521
   292 :    526    685    525
   293 :    443    608    444
   294 :    152    607    153
   295 :    689    698    333
   296 :    331    631    332
   297 :    356    632    357
   298 :    226    616     28
   299 :     30    615    245
   300 :    358    626    359
   301 :    329    625    330
   302 :    356    690    632
   303 :    671    672    670
   304 :    607    693    153
   305 :    355    690    356
   306 :    154    605    155
   307 :    441    606    442
   308 :    358    692    626
   309 :    632    692    357
   310 :    357    692    358
   311 :    523    697    600
   312 :    153    693    154
   313 :    154    693    605
   314 :    236    703    237
   315 :    524    697    523
   316 :    328    662    329
   317 :    106    633      3
   318 :     54    634    384
   319 :    614    684    683
   320 :    680    681    612
   321 :    355    699    690
   322 :    330    691    331
   323 :    667    671    670
   324 :    442    694    443
   325 :    332    689    333
   326 :     46    698    614
   327 :    612    699     48
   328 :    674    675    673
   329 :    655    784    238
   330 :    234    785    656
   331 :    640    709    215
   332 :    453    710    639
   333 :    625    691    330
   334 :    681    699    612
   335 :    614    698    684
   336 :    606    694    442
   337 :    624    664    249
   338 :    631    689    332
   339 :    621    662    328
   340 :    299    598    300
   341 :    302    599    303
   342 :    700    855    598
   343 :    542    795    541
   344 :    547    796    546
   345 :    346    611     48
   346 :     46    613    341
   347 :    298    700    299
   348 :    303    701    304
   349 :     40    643    298
   350 :    304    644     42
   351 :    204    627     24
   352 :     71    628    463
   353 :    647    850    642
   354 :    641    849    648
   355 :    569    828    570
   356 :    497    829    496
   357 :    619    717    225
   358 :    246    716    620
   359 :    611    612     48
   360 :     46    614    613
   361 :    614    683    682
   362 :    679    680    612
   363 :    226    717    616
   364 :    615    716    245
   365 :     90    799    568
   366 :    495    798     75
   367 :    515    713    514
   368 :    531    744    530
   369 :    508    743    507
   370 :    299    700    598
   371 :    599    701    303
   372 :    537    727    536
   373 :    502    728    501
   374 :    235    702    236
   375 :    614    682    613
   376 :    611    679    612
   377 :    529    715    528
   378 :    215    709     14
   379 :     69    710    453
   380 :    203    706    204
   381 :    463    707    464
   382 :     76    732    508
   383 :    530    731     86
   384 :    341    712    342
   385 :    345    711    346
   386 :    343    704    344
   387 :    342    618    343
   388 :    344    617    345
   389 :    455    722    645
   390 :    646    721    213
   391 :    627    629     24
   392 :     71    630    628
   393 :    702    703    236
   394 :    427    771    762
   395 :    764    773    169
   396 :    164    772    761
   397 :    763    774    432
   398 :    610    808    689
   399 :    643    700    298
   400 :    304    701    644
   401 :    257    849    658
   402 :    657    850    272
   403 :    623    749    223
   404 :    248    750    624
   405 :    674    831    675
   406 :    214    721    640
   407 :    639    722    454
   408 :    828    843    570
   409 :    497    844    829
   410 :     74    739    494
   411 :    551    740     88
   412 :    464    638    465
   413 :    200    636    201
   414 :    202    637    203
   415 :    466    635    467
   416 :    201    705    202
   417 :    465    708    466
   418 :    677    856    599
   419 :    385    820    642
   420 :    641    819    105
   421 :    613    712    341
   422 :    346    711    611
   423 :    531    754    744
   424 :    743    753    507
   425 :    690    807    609
   426 :    604    713    515
   427 :    204    706    627
   428 :    628    707    463
   429 :    568    817    569
   430 :    496    816    495
   431 :    732    743    508
   432 :    530    744    731
   433 :    620    750    247
   434 :    224    749    619
   435 :    727    742    536
   436 :    502    741    728
   437 :     54    810    634
   438 :    633    809      3
   439 :    487    772    767
   440 :    718    831    674
   441 :    649    823    635
   442 :    770    774    558
   443 :    519    805     82
   444 :     82    805    529
   445 :    617    711    345
   446 :    342    712    618
   447 :    670    856    677
   448 :    618    704    343
   449 :    344    704    617
   450 :    255    812    648
   451 :    647    813    274
   452 :    528    715    603
   453 :    245    716    246
   454 :    225    717    226
   455 :    487    767     76
   456 :     86    770    558
   457 :    212    783    646
   458 :    645    782    456
   459 :    501    724     78
   460 :     84    723    537
   461 :    629    781     24
   462 :    689    808    698
   463 :     71    786    630
   464 :    637    706    203
   465 :    464    707    638
   466 :    701    714    644
   467 :    812    821    809
   468 :    817    828    569
   469 :    496    829    816
   470 :    739    773    494
   471 :    551    771    740
   472 :    106    819    633
   473 :    634    820    384
   474 :    273    850    647
   475 :    648    849    256
   476 :    494    773    493
   477 :    488    772    487
   478 :    552    771    551
   479 :    558    774    557
   480 :    134    720    135
   481 :     80    811    526
   482 :    514    811     80
   483 :    636    705    201
   484 :    638    708    465
   485 :    202    705    637
   486 :    466    708    635
   487 :    699    807    690
   488 :     63    787    413
   489 :    183    788     20
   490 :    418    733     65
   491 :     18    734    178
   492 :    609    851    446
   493 :    150    852    610
   494 :    622    731     38
   495 :     44    732    621
   496 :    538    825     85
   497 :     87    826    550
   498 :    539    848    538
   499 :    550    846    549
   500 :    586    836    543
   501 :    545    835    589
   502 :    413    775    414
   503 :    182    776    183
   504 :    454    722    455
   505 :    213    721    214
   506 :    404    841    574
   507 :    141    842    595
   508 :    516    840    128
   509 :    584    839    391
   510 :    643    718    700
   511 :    417    729    418
   512 :    178    730    179
   513 :    546    835    545
   514 :    543    836    542
   515 :    501    728    724
   516 :    723    727    537
   517 :    733    740     65
   518 :     18    739    734
   519 :    397    719    398
   520 :    181    755    182
   521 :    414    756    415
   522 :    564    726    563
   523 :    482    725    481
   524 :    799    817    568
   525 :    495    816    798
   526 :     40    723    643
   527 :    644    724     42
   528 :    289    727     40
   529 :     42    728    313
   530 :    398    719    651
   531 :    731    744     38
   532 :     44    743    732
   533 :    481    730    480
   534 :    565    729    564
   535 :    427    762    428
   536 :    164    761    165
   537 :    168    764    169
   538 :    431    763    432
   539 :    377    791    378
   540 :    112    792    113
   541 :    180    735    181
   542 :    415    736    416
   543 :     63    799    787
   544 :    788    798     20
   545 :    790    810     54
   546 :      3    809    789
   547 :    480    734    479
   548 :    566    733    565
   549 :     24    781    211
   550 :    375    794    376
   551 :    114    793    115
   552 :    179    725    180
   553 :    416    726    417
   554 :    729    733    418
   555 :    178    734    730
   556 :    725    730    481
   557 :    564    729    726
   558 :    457    786     71
   559 :    724    728     42
   560 :     40    727    723
   561 :    563    736    562
   562 :    483    735    482
   563 :    810    830    813
   564 :    730    734    480
   565 :    565    733    729
   566 :    313    741    314
   567 :    288    742    289
   568 :    482    735    725
   569 :    726    736    563
   570 :    130    778    518
   571 :    393    779    582
   572 :    576    780    402
   573 :    597    777    139
   574 :    555    737    554
   575 :    491    738    490
   576 :    776    788    183
   577 :    413    787    775
   578 :    428    745    429
   579 :    165    746    166
   580 :    430    747    431
   581 :    167    748    168
   582 :    247    750    248
   583 :    223    749    224
   584 :    319    743     44
   585 :     38    744    283
   586 :    718    853    603
   587 :    479    739     74
   588 :     88    740    566
   589 :    676    805    519
   590 :    689    833    610
   591 :    635    837    649
   592 :    566    740    733
   593 :    734    739    479
   594 :    604    854    714
   595 :    613    784    712
   596 :    711    785    611
   597 :    414    775    756
   598 :    755    776    182
   599 :    287    751    288
   600 :    314    752    315
   601 :    135    720    652
   602 :    283    754    284
   603 :    318    753    319
   604 :    556    747    555
   605 :    554    745    553
   606 :    490    746    489
   607 :    492    748    491
   608 :     32    821    812
   609 :    166    738    167
   610 :    429    737    430
   611 :    767    772     16
   612 :    726    729    417
   613 :    179    730    725
   614 :    653    720    134
   615 :     67    774    770
   616 :     65    771    427
   617 :    432    774     67
   618 :     16    772    164
   619 :    169    773     18
   620 :    562    756    561
   621 :    484    755    483
   622 :    635    823    467
   623 :    200    822    636
   624 :    609    832    690
   625 :    696    767     16
   626 :    728    741    313
   627 :    289    742    727
   628 :    736    756    562
   629 :    483    755    735
   630 :    315    758    316
   631 :    286    757    287
   632 :    738    746    490
   633 :    737    745    554
   634 :    555    747    737
   635 :    491    748    738
   636 :    317    759    318
   637 :    284    760    285
   638 :    415    756    736
   639 :    735    755    181
   640 :    285    766    286
   641 :    316    765    317
   642 :     67    770    695
   643 :    557    763    556
   644 :    489    761    488
   645 :    493    764    492
   646 :    553    762    552
   647 :     18    773    739
   648 :    740    771     65
   649 :     91    845    567
   650 :    527    847     81
   651 :    807    851    609
   652 :    610    852    808
   653 :    725    735    180
   654 :    416    736    726
   655 :    715    831    603
   656 :    781    783    211
   657 :    165    761    746
   658 :    428    762    745
   659 :    747    763    431
   660 :    748    764    168
   661 :    745    762    553
   662 :    556    763    747
   663 :    746    761    489
   664 :    492    764    748
   665 :    782    786    457
   666 :    604    834    713
   667 :    741    752    314
   668 :    288    751    742
   669 :    319    753    743
   670 :    744    754    283
   671 :    456    782    457
   672 :    211    783    212
   673 :    485    776    484
   674 :    561    775    560
   675 :    661    797    622
   676 :    756    775    561
   677 :    484    776    755
   678 :    662    806    625
   679 :    287    757    751
   680 :    752    758    315
   681 :    318    759    753
   682 :    754    760    284
   683 :    429    745    737
   684 :    166    746    738
   685 :    737    747    430
   686 :    738    748    167
   687 :    286    766    757
   688 :    758    765    316
   689 :    317    765    759
   690 :    760    766    285
   691 :    403    780    575
   692 :    140    777    596
   693 :    517    778    129
   694 :    583    779    392
   695 :    560    787    559
   696 :    486    788    485
   697 :    376    769    377
   698 :    113    768    114
   699 :    661    814    797
   700 :     78    854    604
   701 :    603    853     84
   702 :    485    788    776
   703 :    775    787    560
   704 :    712    784    655
   705 :    656    785    711
   706 :    714    854    644
   707 :    797    814    606
   708 :    822    838    636
   709 :     69    851    681
   710 :    684    852     14
   711 :    695    797    606
   712 :    605    802    696
   713 :    112    804    792
   714 :    791    803    378
   715 :    802    806    662
   716 :    682    784    613
   717 :    611    785    679
   718 :    605    806    802
   719 :     75    798    486
   720 :    559    799     90
   721 :    793    838    115
   722 :    603    831    718
   723 :    529    805    715
   724 :    626    814    661
   725 :    486    798    788
   726 :    787    799    559
   727 :    713    811    514
   728 :    621    802    662
   729 :    638    769    708
   730 :    705    768    637
   731 :    643    853    718
   732 :    693    818    806
   733 :    654    719    397
   734 :    105    819    106
   735 :    384    820    385
   736 :    806    818    625
   737 :    693    806    605
   738 :    256    849    257
   739 :    272    850    273
   740 :    632    832    827
   741 :    824    833    631
   742 :    714    834    604
   743 :    630    790    628
   744 :    627    789    629
   745 :    687    833    824
   746 :    827    832    688
   747 :    526    811    685
   748 :    694    815    608
   749 :     81    848    653
   750 :    651    846     91
   751 :    692    827    815
   752 :    691    824    631
   753 :    692    815    626
   754 :    687    824    607
   755 :    669    855    674
   756 :     20    816    190
   757 :    478    817     63
   758 :    608    827    688
   759 :    274    813     26
   760 :     32    812    255
   761 :    664    821     32
   762 :    650    838    822
   763 :    813    830     26
   764 :    815    827    608
   765 :    797    800    622
   766 :    626    815    814
   767 :    606    814    694
   768 :    607    818    693
   769 :    818    824    691
   770 :     63    817    799
   771 :    798    816     20
   772 :    653    848    539
   773 :    549    846    651
   774 :    446    851     69
   775 :     14    852    150
   776 :    632    827    692
   777 :    814    815    694
   778 :    590    835    796
   779 :    795    836    585
   780 :    681    807    699
   781 :    698    808    684
   782 :    672    856    670
   783 :    607    824    818
   784 :    801    802    621
   785 :    625    818    691
   786 :    477    828    478
   787 :    190    829    191
   788 :    690    832    632
   789 :     26    830    663
   790 :    191    844    192
   791 :    476    843    477
   792 :    637    792    706
   793 :    707    791    638
   794 :    695    800    797
   795 :    816    829    190
   796 :    478    828    817
   797 :    628    803    707
   798 :    706    804    627
   799 :    685    811    713
   800 :    467    823     73
   801 :     22    822    200
   802 :    610    833    687
   803 :    688    832    609
   804 :    633    812    809
   805 :    810    813    634
   806 :    829    844    191
   807 :    477    843    828
   808 :    696    802    801
   809 :    790    803    628
   810 :    627    804    789
   811 :    631    833    689
   812 :    715    805    676
   813 :    731    800     86
   814 :     76    801    732
   815 :    638    791    769
   816 :    768    792    637
   817 :    767    801     76
   818 :    636    793    705
   819 :    708    794    635
   820 :     86    800    770
   821 :    575    841    403
   822 :    596    842    140
   823 :    129    840    517
   824 :    392    839    583
   825 :    705    793    768
   826 :    769    794    708
   827 :    375    837    794
   828 :     83    825    527
   829 :    567    826     89
   830 :    589    835    590
   831 :    585    836    586
   832 :    707    803    791
   833 :    792    804    706
   834 :    724    854     78
   835 :     84    853    723
   836 :    622    800    731
   837 :    732    801    621
   838 :    769    791    377
   839 :    113    792    768
   840 :    770    800    695
   841 :    696    801    767
   842 :    796    835    546
   843 :    542    836    795
   844 :    768    793    114
   845 :    376    794    769
   846 :    538    847    825
   847 :    826    845    550
   848 :    567    845    826
   849 :    825    847    527
   850 :    630    810    790
   851 :    789    809    629
   852 :    723    853    643
   853 :    644    854    724
   854 :    847    848     81
   855 :     91    846    845
   856 :    630    830    810
   857 :    809    821    629
   858 :    794    837    635
   859 :    845    846    550
   860 :    538    848    847
   861 :    681    851    807
   862 :    808    852    684
   863 :    636    838    793
   864 :    517    840    516
   865 :    518    778    517
   866 :    574    841    575
   867 :    575    780    576
   868 :    582    779    583
   869 :    583    839    584
   870 :    595    842    596
   871 :    596    777    597
   872 :     81      9    518
   873 :      9    130    518
   874 :     11     96    597
   875 :    597    139     11
   876 :     58    582     94
   877 :     58    393    582
   878 :    576     60     91
   879 :    576    402     60
Number of domains 96
  Domain :      0 
  Name : Entity 3 
  Number of elements :      6
     0     1     2     3     4     5
  Domain :      1 
  Name : Entity 4 
  Number of elements :      5
     6     7     8     9    10
  Domain :      2 
  Name : Entity 5 
  Number of elements :      6
    11    12    13    14    15    16
  Domain :      3 
  Name : Entity 6 
  Number of elements :      5
    17    18    19    20    21
  Domain :      4 
  Name : Entity 7 
  Number of elements :      6
    22    23    24    25    26    27
  Domain :      5 
  Name : Entity 8 
  Number of elements :      5
    28    29    30    31    32
  Domain :      6 
  Name : Entity 9 
  Number of elements :      4
    33    34    35    36
  Domain :      7 
  Name : Entity 10 
  Number of elements :      4
    37    38    39    40
  Domain :      8 
  Name : Entity 11 
  Number of elements :      4
    41    42    43    44
  Domain :      9 
  Name : Entity 12 
  Number of elements :      3
    45    46    47
  Domain :     10 
  Name : Entity 13 
  Number of elements :      4
    48    49    50    51
  Domain :     11 
  Name : Entity 14 
  Number of elements :      4
    52    53    54    55
  Domain :     12 
  Name : Entity 24 
  Number of elements :      9
    56    57    58    59    60    61    62    63    64
  Domain :     13 
  Name : Entity 25 
  Number of elements :      7
    65    66    67    68    69    70    71
  Domain :     14 
  Name : Entity 26 
  Number of elements :      9
    72    73    74    75    76    77    78    79    80
  Domain :     15 
  Name : Entity 27 
  Number of elements :      7
    81    82    83    84    85    86    87
  Domain :     16 
  Name : Entity 28 
  Number of elements :      9
    88    89    90    91    92    93    94    95    96
  Domain :     17 
  Name : Entity 29 
  Number of elements :      7
    97    98    99   100   101   102   103
  Domain :     18 
  Name : Entity 30 
  Number of elements :      7
   104   105   106   107   108   109   110
  Domain :     19 
  Name : Entity 31 
  Number of elements :      6
   111   112   113   114   115   116
  Domain :     20 
  Name : Entity 32 
  Number of elements :      6
   117   118   119   120   121   122
  Domain :     21 
  Name : Entity 33 
  Number of elements :      6
   123   124   125   126   127   128
  Domain :     22 
  Name : Entity 34 
  Number of elements :      7
   129   130   131   132   133   134   135
  Domain :     23 
  Name : Entity 35 
  Number of elements :      6
   136   137   138   139   140   141
  Domain :     24 
  Name : Entity 40 
  Number of elements :      7
   142   143   144   145   146   147   148
  Domain :     25 
  Name : Entity 41 
  Number of elements :      6
   149   150   151   152   153   154
  Domain :     26 
  Name : Entity 42 
  Number of elements :      8
   155   156   157   158   159   160   161   162
  Domain :     27 
  Name : Entity 43 
  Number of elements :      6
   163   164   165   166   167   168
  Domain :     28 
  Name : Entity 44 
  Number of elements :      7
   169   170   171   172   173   174   175
  Domain :     29 
  Name : Entity 45 
  Number of elements :      6
   176   177   178   179   180   181
  Domain :     30 
  Name : Entity 46 
  Number of elements :      6
   182   183   184   185   186   187
  Domain :     31 
  Name : Entity 47 
  Number of elements :      5
   188   189   190   191   192
  Domain :     32 
  Name : Entity 48 
  Number of elements :      5
   193   194   195   196   197
  Domain :     33 
  Name : Entity 49 
  Number of elements :      4
   198   199   200   201
  Domain :     34 
  Name : Entity 50 
  Number of elements :      6
   202   203   204   205   206   207
  Domain :     35 
  Name : Entity 51 
  Number of elements :      5
   208   209   210   211   212
  Domain :     36 
  Name : Entity 52 
  Number of elements :      9
   213   214   215   216   217   218   219   220   221
  Domain :     37 
  Name : Entity 53 
  Number of elements :      8
   222   223   224   225   226   227   228   229
  Domain :     38 
  Name : Entity 54 
  Number of elements :      9
   230   231   232   233   234   235   236   237   238
  Domain :     39 
  Name : Entity 55 
  Number of elements :      8
   239   240   241   242   243   244   245   246
  Domain :     40 
  Name : Entity 56 
  Number of elements :      9
   247   248   249   250   251   252   253   254   255
  Domain :     41 
  Name : Entity 57 
  Number of elements :      8
   256   257   258   259   260   261   262   263
  Domain :     42 
  Name : Entity 58 
  Number of elements :      9
   264   265   266   267   268   269   270   271   272
  Domain :     43 
  Name : Entity 59 
  Number of elements :      7
   273   274   275   276   277   278   279
  Domain :     44 
  Name : Entity 60 
  Number of elements :      8
   280   281   282   283   284   285   286   287
  Domain :     45 
  Name : Entity 61 
  Number of elements :      7
   288   289   290   291   292   293   294
  Domain :     46 
  Name : Entity 62 
  Number of elements :      9
   295   296   297   298   299   300   301   302   303
  Domain :     47 
  Name : Entity 63 
  Number of elements :      7
   304   305   306   307   308   309   310
  Domain :     48 
  Name : Entity 67 
  Number of elements :      6
   311   312   313   314   315   316
  Domain :     49 
  Name : Entity 68 
  Number of elements :      5
   317   318   319   320   321
  Domain :     50 
  Name : Entity 69 
  Number of elements :      6
   322   323   324   325   326   327
  Domain :     51 
  Name : Entity 70 
  Number of elements :      5
   328   329   330   331   332
  Domain :     52 
  Name : Entity 71 
  Number of elements :      6
   333   334   335   336   337   338
  Domain :     53 
  Name : Entity 72 
  Number of elements :      5
   339   340   341   342   343
  Domain :     54 
  Name : Entity 73 
  Number of elements :      4
   344   345   346   347
  Domain :     55 
  Name : Entity 74 
  Number of elements :      4
   348   349   350   351
  Domain :     56 
  Name : Entity 75 
  Number of elements :      4
   352   353   354   355
  Domain :     57 
  Name : Entity 76 
  Number of elements :      3
   356   357   358
  Domain :     58 
  Name : Entity 77 
  Number of elements :      4
   359   360   361   362
  Domain :     59 
  Name : Entity 78 
  Number of elements :      4
   363   364   365   366
  Domain :     60 
  Name : Entity 88 
  Number of elements :      9
   367   368   369   370   371   372   373   374   375
  Domain :     61 
  Name : Entity 89 
  Number of elements :      7
   376   377   378   379   380   381   382
  Domain :     62 
  Name : Entity 90 
  Number of elements :      9
   383   384   385   386   387   388   389   390   391
  Domain :     63 
  Name : Entity 91 
  Number of elements :      7
   392   393   394   395   396   397   398
  Domain :     64 
  Name : Entity 92 
  Number of elements :      9
   399   400   401   402   403   404   405   406   407
  Domain :     65 
  Name : Entity 93 
  Number of elements :      7
   408   409   410   411   412   413   414
  Domain :     66 
  Name : Entity 94 
  Number of elements :      7
   415   416   417   418   419   420   421
  Domain :     67 
  Name : Entity 95 
  Number of elements :      6
   422   423   424   425   426   427
  Domain :     68 
  Name : Entity 96 
  Number of elements :      6
   428   429   430   431   432   433
  Domain :     69 
  Name : Entity 97 
  Number of elements :      6
   434   435   436   437   438   439
  Domain :     70 
  Name : Entity 98 
  Number of elements :      7
   440   441   442   443   444   445   446
  Domain :     71 
  Name : Entity 99 
  Number of elements :      6
   447   448   449   450   451   452
  Domain :     72 
  Name : Entity 100 
  Number of elements :      9
   453   454   455   456   457   458   459   460   461
  Domain :     73 
  Name : Entity 101 
  Number of elements :      9
   462   463   464   465   466   467   468   469   470
  Domain :     74 
  Name : Entity 102 
  Number of elements :      7
   471   472   473   474   475   476   477
  Domain :     75 
  Name : Entity 103 
  Number of elements :      9
   478   479   480   481   482   483   484   485   486
  Domain :     76 
  Name : Entity 104 
  Number of elements :      6
   487   488   489   490   491   492
  Domain :     77 
  Name : Entity 105 
  Number of elements :      3
   493   494   495
  Domain :     78 
  Name : Entity 106 
  Number of elements :      4
   496   497   498   499
  Domain :     79 
  Name : Top
  Number of elements :      9
   500   501   502   503   504   505   506   507   508
  Domain :     80 
  Name : Entity 108 
  Number of elements :      2
   509   510
  Domain :     81 
  Name : Entity 109 
  Number of elements :      3
   511   512   513
  Domain :     82 
  Name : Entity 110 
  Number of elements :      1
   514
  Domain :     83 
  Name : Entity 111 
  Number of elements :      9
   515   516   517   518   519   520   521   522   523
  Domain :     84 
  Name : Bottom
  Number of elements :     14
   524   525   526   527   528   529   530   531   532   533
   534   535   536   537
  Domain :     85 
  Name : Entity 113 
  Number of elements :      9
   538   539   540   541   542   543   544   545   546
  Domain :     86 
  Name : Entity 114 
  Number of elements :      1
   547
  Domain :     87 
  Name : Entity 115 
  Number of elements :      9
   548   549   550   551   552   553   554   555   556
  Domain :     88 
  Name : Entity 116 
  Number of elements :      2
   557   558
  Domain :     89 
  Name : Entity 117 
  Number of elements :      7
   559   560   561   562   563   564   565
  Domain :     90 
  Name : Entity 118 
  Number of elements :      4
   566   567   568   569
  Domain :     91 
  Name : Entity 119 
  Number of elements :      6
   570   571   572   573   574   575
  Domain :     92 
  Name : Entity 120 
  Number of elements :      4
   576   577   578   579
  Domain :     93 
  Name : Entity 121 
  Number of elements :      7
   580   581   582   583   584   585   586
  Domain :     94 
  Name : Entity 122 
  Number of elements :      5
   587   588   589   590   591
  Domain :     95 
  Name : Entity 123 
  Number of elements :      4
   592   593   594   595
